timestamp,open,high,low,close,adjusted_close,volume,dividend_amount,split_coefficient
2018-07-03,19.9500,20.4400,19.9200,19.9600,19.9600,414793,0.0000,1.0000
2018-07-02,19.7800,20.0300,19.6900,19.8600,19.8600,430729,0.0000,1.0000
2018-06-29,19.9700,20.0900,19.8001,19.9800,19.9800,386461,0.0000,1.0000
2018-06-28,19.8900,19.9200,19.4100,19.7400,19.7400,375917,0.0000,1.0000
2018-06-27,20.2800,20.3550,19.6600,19.7000,19.7000,467015,0.0000,1.0000
2018-06-26,20.5300,20.7100,20.4700,20.6000,20.6000,1060882,0.0000,1.0000
2018-06-25,20.7200,21.0000,20.5500,20.8100,20.8100,940139,0.0000,1.0000
2018-06-22,20.6100,20.7600,20.1800,20.6200,20.6200,690252,0.0000,1.0000
2018-06-21,21.2500,21.5200,20.3900,20.6000,20.6000,667378,0.0000,1.0000
2018-06-20,20.4200,20.4300,19.9900,20.3500,20.3500,395996,0.0000,1.0000
2018-06-19,19.8100,20.4600,19.8100,20.0200,20.0200,2043606,0.0000,1.0000
2018-06-18,20.0500,20.1800,19.8600,20.1000,20.1000,246518,0.0000,1.0000
2018-06-15,20.1000,20.2900,19.7600,20.2300,20.2300,283890,0.0000,1.0000
2018-06-14,20.6500,20.7500,19.8800,20.0200,20.0200,389935,0.0000,1.0000
2018-06-13,20.6600,20.8300,20.1800,20.4900,20.4900,249803,0.0000,1.0000
2018-06-12,20.6700,20.9250,20.5500,20.7400,20.7400,296603,0.0000,1.0000
2018-06-11,20.2700,21.0600,20.2600,20.7200,20.7200,466731,0.0000,1.0000
2018-06-08,20.2800,20.6600,19.1800,20.2800,20.2800,994596,0.0000,1.0000
2018-06-07,19.0700,19.5400,18.3600,19.2600,19.2600,968077,0.0000,1.0000
2018-06-06,20.2100,20.4800,19.4200,19.8000,19.8000,674102,0.0000,1.0000
2018-06-05,21.1600,21.4500,20.6800,20.7300,20.7300,423829,0.0000,1.0000
2018-06-04,21.5000,21.7400,21.2700,21.6200,21.6200,373094,0.0000,1.0000
2018-06-01,21.2400,21.7800,20.8200,21.2300,21.2300,527404,0.0000,1.0000
2018-05-31,21.2100,21.3800,21.0000,21.1200,21.1200,184731,0.0000,1.0000
2018-05-30,20.7000,21.2500,20.2400,21.1300,21.1300,436513,0.0000,1.0000
2018-05-29,20.2200,20.5700,20.1100,20.3800,20.3800,464167,0.0000,1.0000
2018-05-25,22.0000,22.0000,21.2400,21.3800,21.3800,253644,0.0000,1.0000
2018-05-24,21.5600,22.1900,21.3100,21.9600,21.9600,482616,0.0000,1.0000
2018-05-23,22.0400,22.2300,21.7100,21.8400,21.8400,510787,0.0000,1.0000
2018-05-22,22.1200,22.5300,22.0600,22.2100,22.2100,389554,0.0000,1.0000
2018-05-21,21.6100,21.6100,21.0600,21.5500,21.5500,299094,0.0000,1.0000
2018-05-18,20.6500,21.0000,20.3450,20.8700,20.8700,401155,0.0000,1.0000
2018-05-17,21.8500,21.8700,21.2200,21.3200,21.3200,351437,0.0000,1.0000
2018-05-16,21.5500,22.2800,21.5400,22.1800,22.1800,508133,0.0000,1.0000
2018-05-15,21.6300,21.6500,21.0500,21.3700,21.3700,359798,0.0000,1.0000
2018-05-14,22.4700,22.6700,22.1200,22.3100,22.3100,240325,0.0000,1.0000
2018-05-11,22.4300,22.6600,22.1200,22.2800,22.2800,363136,0.0000,1.0000
2018-05-10,21.9700,22.5900,21.9100,22.5100,22.5100,461355,0.0000,1.0000
2018-05-09,20.6700,21.5500,20.6500,21.4300,21.4300,483884,0.0000,1.0000
2018-05-08,21.0600,21.1100,20.4000,20.8100,20.8100,388202,0.0000,1.0000
2018-05-07,21.7300,21.9500,20.9600,21.1100,21.1100,539593,0.0713,1.0000
2018-05-04,21.4500,21.8400,21.4200,21.6700,21.5971,370220,0.0000,1.0000
2018-05-03,21.9900,22.2000,21.7100,21.8700,21.7964,477445,0.0000,1.0000
2018-05-02,22.1900,22.2000,21.6400,21.8900,21.8163,627968,0.0000,1.0000
2018-05-01,22.1000,22.5710,21.8200,21.9600,21.8861,244418,0.0000,1.0000
2018-04-30,22.7400,22.7600,22.3300,22.3400,22.2648,297651,0.0000,1.0000
2018-04-27,22.1800,23.0700,22.1200,22.7400,22.6635,734997,0.0000,1.0000
2018-04-26,21.3100,21.8100,21.2600,21.7200,21.6469,619656,0.0000,1.0000
2018-04-25,20.7400,21.2600,20.6800,21.2300,21.1585,293582,0.0000,1.0000
2018-04-24,21.4100,21.5900,20.9400,21.0600,20.9891,440257,0.0000,1.0000
2018-04-23,21.1200,21.8051,20.8100,21.5000,21.4276,410596,0.0000,1.0000
2018-04-20,21.1200,21.2350,20.8500,21.2200,21.1486,302436,0.0000,1.0000
2018-04-19,21.1800,21.4900,21.0800,21.3700,21.2981,262876,0.0000,1.0000
2018-04-18,21.2400,21.5800,21.2000,21.4000,21.3280,285957,0.0000,1.0000
2018-04-17,20.8400,21.1300,20.7300,20.9200,20.8496,259802,0.0000,1.0000
2018-04-16,20.8600,20.8936,20.3300,20.6200,20.5506,391669,0.0000,1.0000
2018-04-13,20.5600,20.8500,20.3900,20.8200,20.7499,323975,0.0000,1.0000
2018-04-12,20.3700,20.5700,20.2500,20.2900,20.2217,342323,0.0000,1.0000
2018-04-11,19.8100,20.3400,19.8000,20.2500,20.1818,235433,0.0000,1.0000
2018-04-10,19.4000,19.8300,19.2300,19.7900,19.7234,243389,0.0000,1.0000
2018-04-09,20.0300,20.0800,19.2900,19.4700,19.4045,502656,0.0000,1.0000
2018-04-06,20.2100,20.2800,19.7900,20.1900,20.1220,262051,0.0000,1.0000
2018-04-05,20.7100,20.7100,20.3500,20.4100,20.3413,399687,0.1060,1.0000
2018-04-04,19.9200,20.6200,19.8600,20.3700,20.1965,272063,0.0000,1.0000
2018-04-03,20.2500,20.6700,20.1900,20.3700,20.1965,294881,0.0000,1.0000
2018-04-02,20.1100,20.5600,20.0400,20.2500,20.0776,285318,0.0000,1.0000
2018-03-29,19.6800,20.3200,19.5900,20.2000,20.0280,239727,0.0000,1.0000
2018-03-28,19.6700,19.6900,19.2900,19.5600,19.3934,232942,0.0000,1.0000
2018-03-27,20.0800,20.1300,19.7400,19.8000,19.6314,508642,0.0000,1.0000
2018-03-26,19.5600,19.6500,19.3200,19.4000,19.2348,332923,0.0000,1.0000
2018-03-23,19.5900,19.6700,19.2300,19.3000,19.1357,379333,0.0000,1.0000
2018-03-22,19.3600,19.9050,19.3400,19.5700,19.4034,851410,0.0000,1.0000
2018-03-21,19.4500,19.6400,19.3500,19.4500,19.2844,221857,0.0000,1.0000
2018-03-20,19.6500,19.8300,19.4000,19.4700,19.3042,262519,0.0000,1.0000
2018-03-19,19.8600,19.9500,19.6600,19.8900,19.7206,411413,0.0000,1.0000
2018-03-16,19.7500,20.2600,19.7400,20.1700,19.9982,201536,0.0000,1.0000
2018-03-15,20.3400,20.3400,19.9000,20.0100,19.8396,613769,0.0000,1.0000
2018-03-14,20.7400,20.7600,20.2300,20.5100,20.3353,462196,0.0000,1.0000
2018-03-13,21.0800,21.2100,20.4800,20.6600,20.4841,358919,0.0000,1.0000
2018-03-12,20.9700,21.1000,20.6900,20.9600,20.7815,240478,0.0000,1.0000
2018-03-09,21.0400,21.0500,20.7200,20.8200,20.6427,482493,0.0000,1.0000
2018-03-08,21.0100,21.0900,20.5800,20.6700,20.4940,524333,0.0000,1.0000
2018-03-07,20.7300,20.9800,20.6300,20.8500,20.6725,303458,0.0000,1.0000
2018-03-06,21.1200,21.2800,20.8900,21.2300,21.0492,359275,0.0000,1.0000
2018-03-05,21.0000,21.1900,20.9300,21.0400,20.8608,511436,0.0000,1.0000
2018-03-02,20.9200,21.2400,20.7500,21.1500,20.9699,529920,0.0000,1.0000
2018-03-01,21.2300,21.3500,20.6200,21.1500,20.9699,471618,0.0000,1.0000
2018-02-28,21.2500,21.2900,20.9900,21.1000,20.9203,961556,0.0000,1.0000
2018-02-27,21.1700,21.2100,20.6900,21.0700,20.8906,665203,0.0000,1.0000
2018-02-26,20.9500,21.0000,20.4500,20.5600,20.3849,653427,0.0000,1.0000
2018-02-23,20.1800,20.5400,20.0500,20.4400,20.2659,302529,0.0000,1.0000
2018-02-22,20.2800,20.4400,19.9000,19.9700,19.7999,403181,0.0000,1.0000
2018-02-21,20.7300,20.8500,20.1700,20.1800,20.0082,709270,0.0000,1.0000
2018-02-20,20.8400,21.1500,20.6100,20.7900,20.6130,586239,0.0000,1.0000
2018-02-16,21.9600,22.2300,21.8300,21.8500,21.6639,285287,0.0000,1.0000
2018-02-15,22.7100,22.9400,22.4800,22.5700,22.3778,268544,0.0000,1.0000
2018-02-14,20.6200,22.2400,20.5400,22.2000,22.0110,271869,0.0000,1.0000
2018-02-13,20.7400,21.0500,20.6700,20.8500,20.6725,198987,0.0000,1.0000
2018-02-12,20.8100,21.3800,20.6700,20.9000,20.7220,333105,0.0000,1.0000
2018-02-09,21.0900,21.1700,20.2600,20.6300,20.4543,739890,0.0000,1.0000
2018-02-08,21.9600,21.9700,20.9800,20.9800,20.8013,436136,0.0000,1.0000
2018-02-07,21.9400,22.1900,21.5300,21.5300,21.3467,349944,0.0000,1.0000
2018-02-06,21.2600,22.4100,21.2400,22.3000,22.1101,376659,0.0000,1.0000
2018-02-05,22.2100,22.3900,21.2500,21.3600,21.1781,252400,0.0000,1.0000
2018-02-02,22.4600,22.7500,22.2300,22.4400,22.2489,394911,0.0000,1.0000
2018-02-01,23.4600,23.6200,23.3100,23.3600,23.1611,198226,0.0000,1.0000
2018-01-31,24.1700,24.2100,23.4900,23.5700,23.3693,250016,0.0000,1.0000
2018-01-30,24.2000,24.2700,23.7000,24.0300,23.8254,190108,0.0000,1.0000
2018-01-29,24.6900,24.8000,24.5400,24.6700,24.4599,385606,0.0000,1.0000
2018-01-26,24.3400,25.1200,24.2900,25.1000,24.8863,250763,0.0000,1.0000
2018-01-25,24.1500,25.1100,23.8400,24.3700,24.1625,300014,0.0000,1.0000
2018-01-24,23.5000,24.2200,23.2000,24.0300,23.8254,174367,0.0000,1.0000
2018-01-23,22.7800,22.8100,22.4500,22.6300,22.4373,208107,0.0000,1.0000
2018-01-22,23.5600,23.5800,23.2600,23.4500,23.2503,189651,0.0000,1.0000
2018-01-19,23.1400,23.6400,23.0700,23.6400,23.4387,221638,0.0000,1.0000
2018-01-18,23.3300,23.6200,23.0700,23.0900,22.8934,188160,0.0000,1.0000
2018-01-17,23.0800,23.4900,22.8900,23.4200,23.2206,237445,0.0000,1.0000
2018-01-16,23.6100,23.6100,22.9900,23.0300,22.8339,306174,0.0000,1.0000
2018-01-12,22.9400,23.3700,22.9300,23.3500,23.1512,122967,0.0000,1.0000
2018-01-11,22.8600,23.2100,22.8450,23.1900,22.9925,116809,0.0000,1.0000
2018-01-10,22.7000,22.7400,22.5200,22.7000,22.5067,112689,0.0000,1.0000
2018-01-09,22.8800,22.9000,22.6600,22.6600,22.4670,129454,0.0000,1.0000
2018-01-08,23.4300,23.6100,23.1400,23.1700,22.9727,240292,0.0000,1.0000
2018-01-05,23.9400,24.0700,23.8100,23.9100,23.7064,218921,0.0000,1.0000
2018-01-04,24.3100,24.5100,23.9600,24.0600,23.8551,148333,0.0000,1.0000
2018-01-03,23.8800,24.0200,23.7800,23.9600,23.7560,198535,0.0000,1.0000
2018-01-02,24.1200,24.1200,23.7800,23.9400,23.7361,126591,0.0000,1.0000
2017-12-29,23.5900,23.8800,23.3800,23.5700,23.3693,194797,0.0000,1.0000
2017-12-28,23.5600,23.6500,23.3500,23.5600,23.3594,196899,0.0000,1.0000
2017-12-27,23.3200,23.4000,23.0300,23.1100,22.9132,194256,0.0000,1.0000
2017-12-26,22.7000,23.1400,22.5300,22.9600,22.7645,112211,0.0000,1.0000
2017-12-22,22.1100,22.2000,21.9900,22.1400,21.9515,78441,0.0000,1.0000
2017-12-21,21.9200,22.1800,21.8200,22.0300,21.8424,172398,0.0000,1.0000
2017-12-20,21.7400,22.0400,21.6900,21.8600,21.6739,183110,0.0000,1.0000
2017-12-19,21.8400,21.9100,21.5900,21.6700,21.4855,168332,0.0000,1.0000
2017-12-18,22.1900,22.2800,21.9600,21.9900,21.8027,290444,0.0000,1.0000
2017-12-15,22.1000,22.2250,21.8800,21.9900,21.8027,236633,0.0000,1.0000
2017-12-14,22.1800,22.2400,21.8400,21.8500,21.6639,164715,0.0000,1.0000
2017-12-13,22.9700,23.1800,22.2500,22.3000,22.1101,309355,0.0000,1.0000
2017-12-12,22.0100,23.1200,21.9800,22.9300,22.7347,210792,0.0000,1.0000
2017-12-11,22.7700,22.9700,22.6300,22.6600,22.4670,163054,0.0000,1.0000
2017-12-08,22.8300,22.8300,22.4000,22.5100,22.3183,222951,0.0823,1.0000
2017-12-07,22.0700,22.6900,21.9400,22.5600,22.2865,345297,0.0000,1.0000
2017-12-06,22.8300,23.1400,22.5400,23.1000,22.8199,231359,0.0000,1.0000
2017-12-05,22.7600,22.8400,22.4200,22.4600,22.1877,221365,0.0000,1.0000
2017-12-04,22.2300,22.5800,22.1800,22.3300,22.0592,251633,0.0000,1.0000
2017-12-01,21.7400,21.8800,21.6000,21.6800,21.4171,301965,0.0000,1.0000
2017-11-30,21.3900,21.5800,20.8700,21.2700,21.0121,438084,0.0000,1.0000
2017-11-29,22.5600,22.5600,21.7000,21.8600,21.5949,312170,0.0000,1.0000
2017-11-28,23.1600,23.3100,22.7900,22.8500,22.5729,516776,0.0000,1.0000
2017-11-27,22.6800,23.0400,22.6200,22.8800,22.6026,201253,0.0000,1.0000
2017-11-24,22.9000,22.9600,22.6900,22.8400,22.5631,172944,0.0000,1.0000
2017-11-22,22.9200,23.1100,22.7000,23.0300,22.7508,323033,0.0000,1.0000
2017-11-21,22.7200,23.3800,22.6500,22.7300,22.4544,638706,0.0000,1.0000
2017-11-20,22.2200,22.4750,22.1900,22.4600,22.1877,235192,0.0000,1.0000
2017-11-17,22.0300,22.7700,22.0300,22.4400,22.1679,434172,0.0000,1.0000
2017-11-16,21.6500,21.8700,21.2700,21.7200,21.4566,430970,0.0000,1.0000
2017-11-15,20.4200,21.0900,20.1503,20.8100,20.5577,346252,0.0000,1.0000
2017-11-14,21.2700,21.3700,20.8100,20.8200,20.5676,362230,0.0000,1.0000
2017-11-13,21.4200,21.5100,21.0600,21.2900,21.0319,400539,0.0000,1.0000
2017-11-10,22.3500,22.3600,21.7200,21.7300,21.4665,279853,0.0000,1.0000
2017-11-09,22.5300,22.7000,22.3700,22.5600,22.2865,284868,0.0000,1.0000
2017-11-08,22.7400,23.2700,22.3700,23.0000,22.7211,472114,0.0000,1.0000
2017-11-07,23.2000,23.3600,22.3300,22.5500,22.2766,546405,0.0000,1.0000
2017-11-06,22.9800,23.0400,22.6600,22.9700,22.6915,253572,0.0000,1.0000
2017-11-03,22.9300,22.9300,22.3500,22.5900,22.3161,249622,0.0000,1.0000
2017-11-02,23.0800,23.0800,22.4200,22.7900,22.5137,233480,0.0000,1.0000
2017-11-01,23.1600,23.5798,22.6300,22.9400,22.6618,390986,0.0000,1.0000
2017-10-31,23.3300,23.6200,23.1900,23.2300,22.9483,448608,0.0000,1.0000
2017-10-30,24.1500,24.2700,23.2000,23.4100,23.1262,486240,0.0000,1.0000
2017-10-27,24.2500,24.8900,24.2300,24.5600,24.2622,359602,0.0000,1.0000
2017-10-26,24.5200,24.5200,23.9200,23.9800,23.6892,194501,0.0000,1.0000
2017-10-25,24.5600,24.6800,24.0200,24.5900,24.2918,184387,0.0000,1.0000
2017-10-24,24.5700,24.6600,24.2500,24.5900,24.2918,384771,0.0000,1.0000
2017-10-23,24.9200,25.0600,24.4600,24.5000,24.2029,279510,0.0000,1.0000
2017-10-20,25.1400,25.1600,24.7100,24.9500,24.6475,273804,0.0000,1.0000
2017-10-19,24.9800,25.2100,24.8100,25.1000,24.7957,308604,0.0000,1.0000
2017-10-18,24.5200,25.2500,24.5001,25.2000,24.8944,396421,0.0000,1.0000
2017-10-17,24.3800,24.4400,23.8500,24.2400,23.9461,415301,0.0000,1.0000
2017-10-16,24.5600,24.7100,24.1078,24.2500,23.9560,394067,0.0000,1.0000
2017-10-13,25.1300,25.1900,24.4200,24.6100,24.3116,520697,0.0000,1.0000
2017-10-12,25.2500,25.5800,25.0600,25.1000,24.7957,534113,0.0000,1.0000
2017-10-11,25.5000,25.6700,25.3200,25.3900,25.0821,145889,0.0000,1.0000
2017-10-10,25.2100,25.3600,25.0100,25.2800,24.9735,188301,0.0000,1.0000
2017-10-09,24.7400,24.7400,24.3700,24.5100,24.2128,170891,0.0000,1.0000
2017-10-06,24.6600,24.9650,24.6000,24.7600,24.4598,272120,0.0000,1.0000
2017-10-05,25.7800,25.9000,25.0500,25.0800,24.7759,283329,0.0000,1.0000
2017-10-04,25.1500,25.5500,25.1500,25.4900,25.1809,377563,0.0000,1.0000
2017-10-03,23.8400,24.9950,23.8400,24.9500,24.6475,414762,0.0000,1.0000
2017-10-02,23.4300,23.7700,23.3900,23.6600,23.3731,246108,0.0000,1.0000
2017-09-29,23.6900,23.9000,23.4900,23.6700,23.3830,223335,0.0000,1.0000
2017-09-28,23.3800,23.8300,23.0800,23.5500,23.2645,427241,0.0000,1.0000
2017-09-27,24.0200,24.0800,23.1700,23.5500,23.2645,503869,0.0000,1.0000
2017-09-26,24.1400,24.4200,24.0500,24.1000,23.8078,281400,0.0000,1.0000
2017-09-25,24.8400,24.8400,24.0700,24.1500,23.8572,379532,0.0000,1.0000
2017-09-22,24.8700,25.2800,24.8300,24.9900,24.6870,262886,0.0000,1.0000
2017-09-21,25.3700,25.4100,24.6400,24.6400,24.3412,867258,0.0000,1.0000
2017-09-20,25.5700,25.7200,24.9600,25.3500,25.0426,454583,0.0000,1.0000
2017-09-19,25.2600,25.4500,25.1350,25.3100,25.0031,629188,0.0000,1.0000
2017-09-18,24.3400,25.0900,24.3300,24.9700,24.6672,348762,0.0000,1.0000
2017-09-15,23.9400,24.2450,23.6700,24.1700,23.8769,436088,0.0000,1.0000
2017-09-14,23.8800,24.2800,23.8200,23.9800,23.6892,446665,0.0000,1.0000
2017-09-13,24.2100,24.4750,24.1200,24.1600,23.8671,295366,0.0000,1.0000
2017-09-12,24.2300,24.7000,24.2000,24.3300,24.0350,647662,0.0000,1.0000
2017-09-11,24.3500,24.7100,24.2400,24.4300,24.1338,582405,0.0000,1.0000
2017-09-08,24.1200,24.2100,23.8600,24.1200,23.8275,351820,0.0000,1.0000
2017-09-07,23.9600,24.3100,23.9600,24.2200,23.9263,536083,0.0000,1.0000
2017-09-06,23.2200,23.9600,23.1800,23.9000,23.6102,987702,0.0000,1.0000
2017-09-05,23.0200,23.2500,22.6300,22.8700,22.5927,365522,0.0000,1.0000
2017-09-01,23.1600,23.2800,22.8050,22.8400,22.5631,345086,0.0000,1.0000
2017-08-31,22.6300,22.9600,22.5500,22.7000,22.4248,370543,0.0000,1.0000
2017-08-30,23.0600,23.1200,22.7201,22.8500,22.5729,316918,0.0000,1.0000
2017-08-29,23.0600,23.4200,22.9600,23.3200,23.0372,650137,0.0000,1.0000
2017-08-28,23.1600,23.3700,22.9100,23.1800,22.8989,355170,0.0000,1.0000
2017-08-25,23.7000,23.7100,23.0800,23.1200,22.8397,575418,0.0000,1.0000
2017-08-24,23.8100,24.1400,23.6800,23.8900,23.6003,430369,0.0000,1.0000
2017-08-23,23.6500,23.8600,23.4600,23.6500,23.3632,352748,0.0000,1.0000
2017-08-22,23.4100,23.7800,23.4100,23.5200,23.2348,355379,0.0000,1.0000
2017-08-21,23.2800,23.5000,22.9300,23.0900,22.8100,438134,0.0000,1.0000
2017-08-18,23.0200,23.4200,22.8800,23.2600,22.9780,324893,0.0000,1.0000
2017-08-17,22.9700,23.0900,22.6750,22.7400,22.4643,296706,0.0000,1.0000
2017-08-16,23.3600,23.7100,23.0900,23.2100,22.9286,392696,0.0000,1.0000
2017-08-15,22.8300,23.1800,22.8000,23.1000,22.8199,273507,0.0000,1.0000
2017-08-14,22.6400,23.0400,22.5900,22.7800,22.5038,414301,0.0000,1.0000
2017-08-11,22.6900,23.1100,22.6100,22.7000,22.4248,570986,0.0000,1.0000
2017-08-10,23.2800,23.3300,22.7600,22.9100,22.6322,351343,0.0000,1.0000
2017-08-09,23.4200,23.5500,23.1900,23.2400,22.9582,541857,0.0000,1.0000
2017-08-08,23.7400,23.8600,23.6100,23.6500,23.3632,600068,0.0000,1.0000
2017-08-07,23.7700,23.8900,23.5800,23.7400,23.4521,428135,0.0000,1.0000
2017-08-04,23.8700,23.9050,23.6400,23.7600,23.4719,535305,0.0000,1.0000
2017-08-03,23.9100,23.9400,23.5600,23.7900,23.5015,563076,0.0000,1.0000
2017-08-02,23.4500,24.0600,23.3599,23.9700,23.6794,747204,0.0000,1.0000
2017-08-01,23.2700,23.5375,23.1500,23.4100,23.1262,488669,0.0000,1.0000
2017-07-31,23.2900,23.3100,23.0500,23.2200,22.9385,459316,0.0000,1.0000
2017-07-28,22.6700,23.1300,22.6600,23.0400,22.7606,437474,0.0000,1.0000
2017-07-27,22.7600,22.8200,22.5300,22.6500,22.3754,407004,0.0000,1.0000
2017-07-26,21.7800,22.7350,21.3650,22.7300,22.4544,885489,0.0000,1.0000
2017-07-25,22.0200,22.2200,21.6500,22.0100,21.7431,697967,0.0000,1.0000
2017-07-24,21.2600,21.9000,21.1800,21.8700,21.6048,469585,0.0000,1.0000
2017-07-21,21.2300,21.2600,20.9200,21.1400,20.8837,350738,0.0000,1.0000
2017-07-20,20.7400,21.0700,20.3000,21.0200,20.7651,516656,0.0000,1.0000
2017-07-19,21.0300,21.0350,20.3900,20.5600,20.3107,260419,0.0000,1.0000
2017-07-18,20.8100,20.8200,20.6600,20.7000,20.4490,436125,0.0000,1.0000
2017-07-17,21.1200,21.1600,20.7500,20.7800,20.5280,367487,0.0000,1.0000
2017-07-14,21.3100,21.4600,21.2200,21.2500,20.9923,546316,0.0000,1.0000
2017-07-13,20.9300,21.2900,20.7700,21.1100,20.8540,640577,0.0000,1.0000
2017-07-12,20.7900,20.9700,20.4150,20.7700,20.5182,817424,0.0000,1.0000
2017-07-11,20.2800,20.7300,20.1800,20.2500,20.0045,611777,0.0000,1.0000
2017-07-10,19.7600,20.2200,19.7400,20.1400,19.8958,510848,0.0000,1.0000
2017-07-07,19.3800,19.4600,19.2700,19.3600,19.1253,437029,0.0000,1.0000
2017-07-06,19.2700,19.4700,19.0900,19.2400,19.0067,331246,0.0000,1.0000
2017-07-05,19.2800,19.4100,18.8800,19.3300,19.0956,640965,0.0000,1.0000
2017-07-03,19.7000,19.7900,19.1500,19.1600,18.9277,392892,0.0000,1.0000
2017-06-30,19.4800,19.6600,19.3600,19.5500,19.3130,372433,0.0000,1.0000
2017-06-29,19.4300,19.5500,19.2100,19.4500,19.2142,323866,0.0000,1.0000
2017-06-28,19.0800,19.6000,18.8500,19.4700,19.2339,320674,0.0000,1.0000
2017-06-27,19.1200,19.1500,18.8600,18.9100,18.6807,301181,0.0000,1.0000
2017-06-26,19.3500,19.6000,19.2000,19.4800,19.2438,314582,0.0000,1.0000
2017-06-23,19.1300,19.2500,18.8800,18.9800,18.7499,311912,0.0000,1.0000
2017-06-22,18.9600,19.1650,18.6000,19.0800,18.8487,550991,0.0000,1.0000
2017-06-21,19.1800,19.4100,18.8200,18.9600,18.7301,382032,0.0000,1.0000
2017-06-20,19.9000,19.9000,19.0700,19.1400,18.9079,425530,0.0000,1.0000
2017-06-19,20.0500,20.1800,19.8800,19.9600,19.7180,471297,0.0000,1.0000
2017-06-16,20.2800,20.4300,20.1100,20.3500,20.1033,204629,0.0000,1.0000
2017-06-15,20.3000,20.4700,20.0500,20.3800,20.1329,186613,0.0000,1.0000
2017-06-14,20.6900,20.8300,20.3100,20.5800,20.3305,320849,0.0000,1.0000
2017-06-13,20.5100,20.5700,20.2200,20.5200,20.2712,257845,0.0000,1.0000
2017-06-12,20.6900,21.0300,20.3500,20.6900,20.4391,432471,0.0000,1.0000
2017-06-09,21.5900,21.7850,20.7900,20.8500,20.5972,573289,0.0000,1.0000
2017-06-08,21.5300,21.8200,21.2300,21.4700,21.2097,680240,0.0000,1.0000
2017-06-07,21.0000,21.6200,20.9200,21.6000,21.3381,466256,0.0000,1.0000
2017-06-06,20.8000,20.9400,20.7300,20.8300,20.5774,248850,0.0000,1.0000
2017-06-05,20.9500,21.0900,20.5800,20.7600,20.5083,269375,0.0000,1.0000
2017-06-02,21.3900,21.4100,20.8200,21.0400,20.7849,385009,0.0000,1.0000
2017-06-01,21.3600,21.3800,20.9600,21.1200,20.8639,370407,0.0000,1.0000
2017-05-31,21.4700,21.5600,20.9900,21.1100,20.8540,850776,0.0000,1.0000
2017-05-30,21.4500,21.5400,21.1500,21.3900,21.1306,390054,0.0000,1.0000
2017-05-26,21.1900,21.6900,21.1400,21.5100,21.2492,631871,0.0000,1.0000
2017-05-25,21.2400,21.5300,20.7100,20.8300,20.5774,523449,0.0000,1.0000
2017-05-24,21.3000,21.6100,21.2101,21.3500,21.0911,344713,0.0000,1.0000
2017-05-23,20.5700,21.1600,20.5700,21.1200,20.8639,681862,0.0000,1.0000
2017-05-22,20.3700,20.6300,19.8100,20.1000,19.8563,836385,0.0000,1.0000
2017-05-19,20.6300,21.0000,20.1500,20.9200,20.6663,970980,0.0000,1.0000
2017-05-18,21.6200,21.6200,18.7900,19.4900,19.2537,24729,0.0000,1.0000
2017-05-17,24.5900,24.7500,23.7200,23.7700,23.4818,409957,0.0000,1.0000
2017-05-16,24.2400,24.6700,24.1900,24.6300,24.3314,345263,0.0000,1.0000
2017-05-15,23.8500,23.9650,23.7100,23.9600,23.6695,340512,0.0000,1.0000
2017-05-12,23.4200,23.8000,23.3600,23.6600,23.3731,771555,0.0000,1.0000
2017-05-11,23.1100,23.2700,22.9300,23.1200,22.8397,394322,0.0000,1.0000
2017-05-10,23.2300,23.3100,22.9600,23.1200,22.8397,465838,0.0000,1.0000
2017-05-09,22.4700,22.8500,22.4500,22.6000,22.3260,550648,0.0000,1.0000
2017-05-08,22.4300,22.4950,22.1000,22.4200,22.1482,250024,0.0000,1.0000
2017-05-05,22.4900,22.6800,22.4600,22.6400,22.3655,304903,0.0000,1.0000
2017-05-04,22.6900,22.7100,22.3200,22.4100,22.1383,479673,0.0000,1.0000
2017-05-03,22.9300,23.0300,22.7250,22.7800,22.5038,1209087,0.0000,1.0000
2017-05-02,22.5100,23.5000,22.5000,23.1500,22.8693,1725693,0.0000,1.0000
2017-05-01,22.5900,22.9700,22.4300,22.8400,22.5631,586890,0.0000,1.0000
2017-04-28,21.1400,22.6200,21.0800,22.5500,22.2766,1731883,0.0000,1.0000
2017-04-27,20.5000,20.5000,20.1500,20.4900,20.2416,597883,0.0000,1.0000
2017-04-26,20.0800,20.2550,19.8700,20.2000,19.9551,346644,0.0000,1.0000
2017-04-25,19.9700,20.3000,19.7000,20.3000,20.0539,672866,0.0000,1.0000
2017-04-24,20.6300,20.6800,20.2000,20.2900,20.0440,727724,0.0000,1.0000
2017-04-21,20.4200,20.4900,20.1400,20.1800,19.9353,398061,0.0000,1.0000
2017-04-20,20.4400,20.6100,20.1700,20.3900,20.1428,388676,0.0000,1.0000
2017-04-19,20.0600,20.3950,19.9700,20.2000,19.9551,567945,0.0000,1.0000
2017-04-18,19.5000,20.1500,19.4500,19.8900,19.6488,592495,0.0000,1.0000
2017-04-17,18.7500,19.5400,18.7000,19.4800,19.2438,477064,0.0000,1.0000
2017-04-13,18.5400,18.8300,18.4300,18.4300,18.2065,277520,0.0000,1.0000
2017-04-12,18.6000,18.6100,18.3700,18.5200,18.2954,416912,0.0000,1.0000
2017-04-11,18.8300,18.8500,18.2600,18.6700,18.4436,481129,0.0000,1.0000
2017-04-10,19.0200,19.0400,18.7100,18.9300,18.7005,334860,0.0000,1.0000
2017-04-07,19.0500,19.2400,18.8100,18.9400,18.7103,373235,0.0000,1.0000
2017-04-06,19.0800,19.3300,18.7700,18.9100,18.6807,448130,0.0000,1.0000
2017-04-05,19.6600,19.6800,19.1800,19.2100,18.9771,348281,0.0000,1.0000
2017-04-04,19.3700,19.4900,18.9901,19.4800,19.2438,288542,0.0000,1.0000
2017-04-03,19.2800,19.5100,19.1608,19.4900,19.2537,286514,0.0000,1.0000
2017-03-31,19.4000,19.4900,19.1300,19.2000,18.9672,654705,0.0000,1.0000
2017-03-30,19.7700,19.8700,19.4100,19.5200,19.2833,358280,0.0000,1.0000
2017-03-29,19.7200,19.9700,19.6800,19.8900,19.6488,539199,0.0000,1.0000
2017-03-28,19.8500,20.2300,19.5600,19.6200,19.3821,436793,0.0000,1.0000
2017-03-27,19.5100,19.8300,19.3700,19.6700,19.4315,508132,0.0000,1.0000
2017-03-24,19.9900,20.1000,18.7600,19.6300,19.3920,1724142,0.0000,1.0000
2017-03-23,19.7000,19.8100,19.3100,19.7300,19.4908,626420,0.0000,1.0000
2017-03-22,18.8900,19.5600,18.8600,19.5400,19.3031,1002137,0.0000,1.0000
2017-03-21,19.0400,19.1100,18.6101,18.7400,18.5128,364755,0.0000,1.0000
2017-03-20,18.2100,19.0700,18.2000,19.0400,18.8091,556886,0.0000,1.0000
2017-03-17,18.4600,18.5000,17.9850,18.3600,18.1374,607553,0.0000,1.0000
2017-03-16,18.2700,18.5900,18.0701,18.2000,17.9793,446373,0.0000,1.0000
2017-03-15,17.5500,18.2250,17.2400,18.1900,17.9694,648652,0.0000,1.0000
2017-03-14,17.8000,17.8400,17.4500,17.4600,17.2483,382402,0.0000,1.0000
2017-03-13,17.4800,17.8300,17.2900,17.8100,17.5941,374232,0.0000,1.0000
2017-03-10,17.5200,17.6200,17.3250,17.4300,17.2187,415168,0.0000,1.0000
2017-03-09,17.3900,17.4400,16.9300,16.9600,16.7544,500725,0.0000,1.0000
2017-03-08,18.0100,18.0500,17.2900,17.4600,17.2483,616863,0.0000,1.0000
2017-03-07,18.2600,18.4300,18.1800,18.2500,18.0287,383504,0.0000,1.0000
2017-03-06,18.8900,18.8900,18.2700,18.2800,18.0584,317051,0.0000,1.0000
2017-03-03,18.4100,18.6100,18.2100,18.5800,18.3547,356113,0.0000,1.0000
2017-03-02,18.4900,18.6700,18.0800,18.1100,17.8904,679707,0.0000,1.0000
2017-03-01,18.2800,18.8200,18.2800,18.6100,18.3844,646048,0.0000,1.0000
2017-02-28,18.6200,18.6400,18.0500,18.1200,17.9003,327593,0.0000,1.0000
2017-02-27,18.4500,18.6900,18.3600,18.5800,18.3547,395517,0.0000,1.0000
2017-02-24,18.2400,18.4200,18.0900,18.4100,18.1868,449811,0.0000,1.0000
2017-02-23,19.5900,19.6299,18.9300,18.9500,18.7202,378455,0.0000,1.0000
2017-02-22,19.2500,19.3200,19.0900,19.2000,18.9672,271604,0.0000,1.0000
2017-02-21,18.9200,19.2800,18.8700,19.2300,18.9968,472359,0.0000,1.0000
2017-02-17,18.6700,18.8100,18.6100,18.7300,18.5029,337637,0.0000,1.0000
2017-02-16,19.2000,19.3600,18.8700,18.8900,18.6610,291576,0.0000,1.0000
2017-02-15,18.7300,19.2700,18.6380,19.2300,18.9968,320398,0.0000,1.0000
2017-02-14,18.4900,18.6800,18.2100,18.6600,18.4337,488673,0.0000,1.0000
2017-02-13,18.7400,18.7700,18.4200,18.4400,18.2164,278807,0.0000,1.0000
2017-02-10,18.4600,18.6900,18.4300,18.6100,18.3844,418005,0.0000,1.0000
2017-02-09,18.5100,18.5600,18.3600,18.4500,18.2263,406476,0.0000,1.0000
2017-02-08,18.3300,18.7200,18.2600,18.6900,18.4634,359332,0.0000,1.0000
2017-02-07,18.5800,18.6900,18.2900,18.3700,18.1473,267949,0.0000,1.0000
2017-02-06,18.6000,18.8000,18.3900,18.6200,18.3942,464415,0.0000,1.0000
2017-02-03,18.5200,18.9000,18.4400,18.8100,18.5819,423551,0.0000,1.0000
2017-02-02,18.3700,18.6200,18.3400,18.4800,18.2559,458271,0.0000,1.0000
2017-02-01,18.4200,18.4700,18.1000,18.2800,18.0584,513010,0.0000,1.0000
2017-01-31,18.5300,18.6000,18.2800,18.3400,18.1176,451014,0.0000,1.0000
2017-01-30,18.4400,18.5800,18.3300,18.4600,18.2362,496163,0.0000,1.0000
2017-01-27,18.9700,19.0350,18.7400,18.7800,18.5523,545472,0.0000,1.0000
2017-01-26,18.9400,19.0600,18.8100,19.0300,18.7993,584273,0.0000,1.0000
2017-01-25,18.7700,19.1300,18.7700,19.0300,18.7993,337954,0.0000,1.0000
2017-01-24,18.5500,18.8200,18.3900,18.7300,18.5029,629866,0.0000,1.0000
2017-01-23,18.4100,18.7200,18.3000,18.7100,18.4831,723787,0.0000,1.0000
2017-01-20,17.8100,18.0800,17.7900,18.0400,17.8213,440625,0.0000,1.0000
2017-01-19,17.6100,17.7000,17.4000,17.6000,17.3866,858758,0.0000,1.0000
2017-01-18,17.8200,17.9100,17.4300,17.4900,17.2779,959599,0.0000,1.0000
2017-01-17,17.8100,18.1100,17.7100,17.9500,17.7324,707739,0.0000,1.0000
2017-01-13,17.8500,18.2700,17.8100,18.1200,17.9003,521614,0.0000,1.0000
2017-01-12,18.7400,18.8850,18.3100,18.5500,18.3251,648917,0.0000,1.0000
2017-01-11,17.1100,17.8700,17.0500,17.8700,17.6533,615603,0.0000,1.0000
2017-01-10,17.5000,17.6400,17.2900,17.3600,17.1495,505584,0.0000,1.0000
2017-01-09,17.4100,17.5400,17.2900,17.3200,17.1100,425418,0.0000,1.0000
2017-01-06,17.2900,17.4300,17.1800,17.3800,17.1693,421919,0.0000,1.0000
2017-01-05,17.5400,17.6300,17.3700,17.4100,17.1989,489888,0.0000,1.0000
2017-01-04,17.2100,17.4100,17.1100,17.3000,17.0902,924673,0.0000,1.0000
2017-01-03,17.3600,17.4100,17.0000,17.2000,16.9914,1019028,0.0000,1.0000
2016-12-30,16.4700,16.8000,16.4400,16.5500,16.3493,315978,0.0000,1.0000
2016-12-29,16.6400,16.7700,16.5200,16.6000,16.3987,669619,0.0000,1.0000
2016-12-28,16.4600,16.7100,16.2800,16.3300,16.1320,873056,0.0000,1.0000
2016-12-27,16.2300,16.3400,15.9700,16.1400,15.9443,336796,0.0000,1.0000
2016-12-23,16.1400,16.3200,16.1200,16.1500,15.9542,296020,0.0000,1.0000
2016-12-22,15.8600,15.9500,15.6200,15.7900,15.5985,532250,0.0000,1.0000
2016-12-21,15.7300,15.7300,15.4300,15.4800,15.2923,447129,0.0000,1.0000
2016-12-20,15.6300,15.6300,15.1700,15.3000,15.1145,809049,0.0000,1.0000
2016-12-19,16.0400,16.0800,15.5950,15.6400,15.4504,430836,0.0000,1.0000
2016-12-16,16.0600,16.2397,15.7200,15.8200,15.6282,731185,0.0000,1.0000
2016-12-15,14.8600,15.5050,14.8300,15.4500,15.2627,842189,0.0000,1.0000
2016-12-14,15.7200,15.7600,14.8400,14.8800,14.6996,1279899,0.0000,1.0000
2016-12-13,15.4700,15.8100,15.3700,15.6500,15.4602,887956,0.0000,1.0000
2016-12-12,15.4600,15.9500,15.1000,15.1700,14.9861,1385324,0.0000,1.0000
2016-12-09,15.5900,15.6200,15.2450,15.4600,15.2725,1092458,0.0000,1.0000
2016-12-08,15.0000,15.0500,14.7300,14.8100,14.6304,531381,0.0000,1.0000
2016-12-07,14.9100,15.1100,14.7900,15.0500,14.8675,725897,0.0000,1.0000
2016-12-06,14.4700,14.7700,14.4100,14.6900,14.5119,563273,0.0000,1.0000
2016-12-05,14.2500,14.4200,14.1950,14.3700,14.1958,1212735,0.0000,1.0000
2016-12-02,14.1800,14.5800,14.0775,14.1400,13.9686,858634,0.0000,1.0000
2016-12-01,15.2100,15.3000,14.4500,14.4600,14.2847,661415,0.0000,1.0000
2016-11-30,16.3500,16.3900,15.8700,15.9200,15.7270,596053,0.0000,1.0000
2016-11-29,16.2300,16.3600,15.8800,15.9400,15.7467,409598,0.0000,1.0000
2016-11-28,16.4900,16.7000,16.2000,16.5100,16.3098,434452,0.0000,1.0000
2016-11-25,16.5900,16.6600,16.2700,16.3200,16.1221,232790,0.0000,1.0000
2016-11-23,15.8500,16.1300,15.8500,16.0300,15.8356,527834,0.0000,1.0000
2016-11-22,16.3600,16.3700,15.9600,16.0700,15.8751,373546,0.0000,1.0000
2016-11-21,15.7700,16.2400,15.6400,15.8300,15.6381,439192,0.0000,1.0000
2016-11-18,16.1300,16.1900,15.6700,15.6800,15.4899,420484,0.0000,1.0000
2016-11-17,16.1300,16.2500,15.4800,15.5600,15.3713,428551,0.0000,1.0000
2016-11-16,15.8400,16.4400,15.7800,16.2000,16.0036,492678,0.0000,1.0000
2016-11-15,15.5900,16.2200,15.5900,16.1500,15.9542,431237,0.0000,1.0000
2016-11-14,15.5300,16.0100,15.2600,15.6200,15.4306,777799,0.0000,1.0000
2016-11-11,16.2600,16.2600,15.4300,16.0400,15.8455,919513,0.0000,1.0000
2016-11-10,17.7100,18.1400,16.5700,17.1800,16.9717,789787,0.0000,1.0000
2016-11-09,18.4600,19.2000,18.4600,19.0800,18.8487,581052,0.0000,1.0000
2016-11-08,19.2900,19.5000,19.0400,19.2600,19.0265,464915,0.0000,1.0000
2016-11-07,19.3300,19.4700,19.1800,19.3800,19.1450,659910,0.0000,1.0000
2016-11-04,18.3500,18.9500,18.0900,18.4700,18.2460,931893,0.0000,1.0000
2016-11-03,18.2400,18.5650,17.8800,17.9600,17.7422,754575,0.0000,1.0000
2016-11-02,18.2500,18.4800,17.9600,18.0400,17.8213,372998,0.0000,1.0000
2016-11-01,19.2900,19.2900,18.0200,18.2600,18.0386,615977,0.0000,1.0000
2016-10-31,18.9400,19.0700,18.6000,19.0500,18.8190,680676,0.0000,1.0000
2016-10-28,18.6400,18.9300,18.3500,18.4900,18.2658,705384,0.0000,1.0000
2016-10-27,18.3300,18.5100,18.1200,18.2200,17.9991,614216,0.0000,1.0000
2016-10-26,18.3100,18.5000,18.0200,18.1300,17.9102,631716,0.0000,1.0000
2016-10-25,18.4300,18.7200,18.3600,18.5800,18.3547,375549,0.0000,1.0000
2016-10-24,19.2000,19.3200,18.8100,18.8900,18.6610,721613,0.0000,1.0000
2016-10-21,18.1900,18.7400,18.1300,18.6200,18.3942,459584,0.0000,1.0000
2016-10-20,17.7500,18.4800,17.7400,18.3600,18.1374,1123241,0.0000,1.0000
2016-10-19,17.7900,18.1550,17.7500,17.8500,17.6336,471872,0.0000,1.0000
2016-10-18,17.5300,17.8850,17.3900,17.7200,17.5051,472327,0.0000,1.0000
2016-10-17,17.0400,17.1200,16.8200,17.0200,16.8136,469857,0.0000,1.0000
2016-10-14,16.8500,17.1300,16.6500,17.0900,16.8828,1065312,0.0000,1.0000
2016-10-13,16.3700,16.8100,16.2000,16.6400,16.4382,665893,0.0000,1.0000
2016-10-12,16.5700,16.5700,16.3900,16.4200,16.2209,287742,0.0000,1.0000
2016-10-11,16.8600,16.8800,16.3300,16.6100,16.4086,851493,0.0000,1.0000
2016-10-10,16.6800,17.1000,16.5800,16.9900,16.7840,2690780,0.0000,1.0000
2016-10-07,16.7300,16.7400,15.9800,16.4400,16.2407,1199260,0.0000,1.0000
2016-10-06,16.5400,16.7800,16.5000,16.6400,16.4382,1415079,0.0000,1.0000
2016-10-05,16.4000,16.7200,16.4000,16.6700,16.4679,1305205,0.0000,1.0000
2016-10-04,16.4200,16.5501,15.9325,16.0400,15.8455,709948,0.0000,1.0000
2016-10-03,16.4200,16.6800,16.3100,16.6600,16.4580,652652,0.0000,1.0000
2016-09-30,16.4400,16.6300,16.3100,16.3900,16.1913,677632,0.0000,1.0000
2016-09-29,17.0400,17.0600,16.2400,16.3800,16.1814,716420,0.0000,1.0000
2016-09-28,17.1800,17.2600,16.6800,16.9900,16.7840,270871,0.0000,1.0000
2016-09-27,17.2200,17.2200,16.6200,17.0900,16.8828,234934,0.0000,1.0000
2016-09-26,17.0900,17.3600,17.0900,17.1700,16.9618,814072,0.0000,1.0000
2016-09-23,16.8300,17.4800,16.7600,17.2200,17.0112,843004,0.0000,1.0000
2016-09-22,16.6100,17.0400,16.5800,16.7500,16.5469,1164331,0.0000,1.0000
2016-09-21,15.6900,16.4700,15.4900,16.3300,16.1320,1053260,0.0000,1.0000
2016-09-20,15.6000,15.8900,15.5400,15.8200,15.6282,630806,0.0000,1.0000
2016-09-19,15.4600,15.6000,15.3700,15.4800,15.2923,793924,0.0000,1.0000
2016-09-16,15.1600,15.4100,15.0800,15.3000,15.1145,1466689,0.0000,1.0000
2016-09-15,15.2000,15.4100,15.0200,15.3800,15.1935,732829,0.0000,1.0000
2016-09-14,15.2400,15.5200,15.0600,15.2300,15.0453,1196319,0.0000,1.0000
2016-09-13,15.4500,15.6300,15.1400,15.3300,15.1441,1350490,0.0000,1.0000
2016-09-12,14.9600,15.7300,14.9000,15.7000,15.5096,905666,0.0000,1.0000
2016-09-09,15.8100,15.8400,15.1800,15.2900,15.1046,1053501,0.0000,1.0000
2016-09-08,16.3200,16.4399,16.0700,16.2200,16.0233,451364,0.0000,1.0000
2016-09-07,16.1300,16.2800,16.0000,16.2400,16.0431,312207,0.0000,1.0000
2016-09-06,16.0800,16.3160,15.9900,16.2300,16.0332,433853,0.0000,1.0000
2016-09-02,15.9200,16.2600,15.8250,16.1900,15.9937,362667,0.0000,1.0000
2016-09-01,15.5000,15.7900,15.4300,15.6300,15.4405,403734,0.0000,1.0000
2016-08-31,16.0100,16.1000,15.5900,15.6600,15.4701,572856,0.0000,1.0000
2016-08-30,15.9200,16.2400,15.5700,15.8000,15.6084,702516,0.0000,1.0000
2016-08-29,15.9300,16.1300,15.8300,16.0300,15.8356,828917,0.0000,1.0000
2016-08-26,16.4000,16.4500,15.8700,15.9800,15.7862,1992642,0.0000,1.0000
2016-08-25,16.3100,16.7400,16.3000,16.4100,16.2110,415638,0.0000,1.0000
2016-08-24,16.1000,16.6400,15.8500,16.4800,16.2802,679509,0.0000,1.0000
2016-08-23,16.4200,16.6000,16.2400,16.2600,16.0628,490087,0.0000,1.0000
2016-08-22,16.1500,16.2300,16.0600,16.2100,16.0135,547975,0.0000,1.0000
2016-08-19,16.2000,16.4500,16.0700,16.3800,16.1814,282449,0.0000,1.0000
2016-08-18,16.3500,16.5000,16.0900,16.3600,16.1616,431253,0.0000,1.0000
2016-08-17,16.1600,16.3100,15.8300,16.2800,16.0826,444997,0.0000,1.0000
2016-08-16,16.9300,16.9300,16.4900,16.5300,16.3296,505850,0.0000,1.0000
2016-08-15,16.8800,17.0400,16.7600,16.8200,16.6161,479257,0.0000,1.0000
2016-08-12,16.1100,16.8700,16.0500,16.5300,16.3296,615199,0.0000,1.0000
2016-08-11,15.7400,16.2800,15.7100,16.2300,16.0332,648772,0.0000,1.0000
2016-08-10,15.7800,16.1000,15.6400,15.7500,15.5590,574845,0.0000,1.0000
2016-08-09,15.8600,15.9000,15.6300,15.7100,15.5195,761790,0.0000,1.0000
2016-08-08,15.2900,15.8000,15.2900,15.6100,15.4207,882574,0.0000,1.0000
2016-08-05,15.3700,15.5950,15.2600,15.5200,15.3318,583260,0.0000,1.0000
2016-08-04,14.8300,15.2200,14.8200,15.2000,15.0157,800565,0.0000,1.0000
2016-08-03,14.3400,14.7200,14.2700,14.6800,14.5020,573178,0.0000,1.0000
2016-08-02,14.7900,14.8600,14.2700,14.5100,14.3341,733166,0.0000,1.0000
2016-08-01,14.8000,15.0000,14.5200,14.5700,14.3933,638256,0.0000,1.0000
2016-07-29,14.5000,15.1400,14.3500,15.0700,14.8873,744404,0.0000,1.0000
2016-07-28,14.9800,15.2000,14.6300,14.6700,14.4921,1489772,0.0000,1.0000
2016-07-27,16.5600,16.7100,16.0300,16.4200,16.2209,645600,0.0000,1.0000
2016-07-26,16.7600,16.9400,16.6300,16.7000,16.4975,1309417,0.0000,1.0000
2016-07-25,16.7900,16.7900,16.5700,16.7400,16.5370,558180,0.0000,1.0000
2016-07-22,16.8100,16.8550,16.5200,16.8100,16.6062,1040808,0.0000,1.0000
2016-07-21,17.1900,17.2500,16.7050,16.7800,16.5765,718338,0.0000,1.0000
2016-07-20,17.3600,17.4900,17.1400,17.2100,17.0013,825248,0.0000,1.0000
2016-07-19,17.3200,17.4800,17.0400,17.4000,17.1890,872080,0.0000,1.0000
2016-07-18,16.9400,17.3900,16.8700,17.3300,17.1199,781241,0.0000,1.0000
2016-07-15,16.6700,16.9300,16.4650,16.8600,16.6556,710759,0.0000,1.0000
2016-07-14,16.3100,16.9200,16.2900,16.7500,16.5469,1114554,0.0000,1.0000
2016-07-13,15.6700,15.7700,15.4700,15.7500,15.5590,613412,0.0000,1.0000
2016-07-12,15.6100,15.8700,15.4250,15.5600,15.3713,1600135,0.0000,1.0000
2016-07-11,14.7400,14.9550,14.7000,14.9100,14.7292,1723677,0.0000,1.0000
2016-07-08,14.5500,14.6350,14.3100,14.6000,14.4230,696868,0.0000,1.0000
2016-07-07,14.1600,14.3700,14.0307,14.1100,13.9389,721074,0.0000,1.0000
2016-07-06,14.0300,14.0300,13.7200,13.9800,13.8105,781403,0.0000,1.0000
2016-07-05,14.2800,14.3200,13.9600,14.1400,13.9686,517455,0.0000,1.0000
2016-07-01,14.5800,14.7400,14.4100,14.6600,14.4822,760295,0.0000,1.0000
2016-06-30,14.1900,14.8100,14.0200,14.5500,14.3736,1066260,0.0000,1.0000
2016-06-29,13.7300,14.0900,13.5700,14.0600,13.8895,705445,0.0000,1.0000
2016-06-28,13.2500,13.5000,13.0300,13.2300,13.0696,519053,0.0000,1.0000
2016-06-27,13.3600,13.3900,12.7850,12.9200,12.7633,688515,0.0000,1.0000
2016-06-24,13.1500,13.4200,13.1100,13.3200,13.1585,569934,0.0000,1.0000
2016-06-23,13.4800,13.7800,13.2800,13.7800,13.6129,458436,0.0000,1.0000
2016-06-22,13.5100,13.5700,13.1700,13.1900,13.0301,604118,0.0000,1.0000
2016-06-21,13.5000,13.5300,12.9850,13.4000,13.2375,651493,0.0000,1.0000
2016-06-20,13.4000,14.0050,13.2400,13.3100,13.1486,885852,0.0000,1.0000
2016-06-17,12.5500,12.9700,12.5300,12.7300,12.5756,698629,0.0000,1.0000
2016-06-16,12.2600,12.3600,11.8900,12.3100,12.1607,379153,0.0000,1.0000
2016-06-15,12.3100,12.7900,12.3000,12.3900,12.2398,929479,0.0000,1.0000
2016-06-14,12.3100,12.5200,12.1200,12.2800,12.1311,1188873,0.0000,1.0000
2016-06-13,12.1100,12.4600,12.0850,12.4000,12.2496,890140,0.0000,1.0000
2016-06-10,12.5600,12.9500,12.5600,12.6400,12.4867,878271,0.0000,1.0000
2016-06-09,12.7800,12.9100,12.7200,12.8500,12.6942,664786,0.0000,1.0000
2016-06-08,12.5000,13.0011,12.5000,12.8500,12.6942,835378,0.0000,1.0000
2016-06-07,11.9400,12.4700,11.9400,12.3500,12.2003,903142,0.0000,1.0000
2016-06-06,11.9000,12.2400,11.8700,11.9700,11.8249,540070,0.0000,1.0000
2016-06-03,11.8500,11.9700,11.6900,11.9600,11.8150,524726,0.0000,1.0000
2016-06-02,11.2800,11.6200,11.2700,11.5700,11.4297,464593,0.0000,1.0000
2016-06-01,11.1100,11.4000,11.0499,11.3700,11.2321,410535,0.0000,1.0000
2016-05-31,11.1900,11.3300,11.0000,11.1400,11.0049,735459,0.0000,1.0000
2016-05-27,11.3700,11.4600,11.2600,11.3600,11.2223,262258,0.0000,1.0000
2016-05-26,11.5500,11.7400,11.5000,11.6300,11.4890,348811,0.0000,1.0000
2016-05-25,11.7500,11.8300,11.4100,11.4700,11.3309,469784,0.0000,1.0000
2016-05-24,11.5100,11.9500,11.5100,11.6500,11.5087,387919,0.0000,1.0000
2016-05-23,11.2400,11.4750,11.2300,11.3800,11.2420,526572,0.0000,1.0000
2016-05-20,11.7200,11.9300,11.6200,11.6500,11.5087,251102,0.0000,1.0000
2016-05-19,11.5500,11.6900,11.4700,11.6200,11.4791,584066,0.0000,1.0000
2016-05-18,11.9800,12.0900,11.7700,11.8100,11.6668,403468,0.0000,1.0000
2016-05-17,12.1300,12.4100,11.9400,12.2100,12.0620,378629,0.0000,1.0000
2016-05-16,12.5600,12.6300,12.0950,12.1200,11.9730,758888,0.0000,1.0000
2016-05-13,12.8200,12.8850,12.4500,12.4800,12.3287,677882,0.0000,1.0000
2016-05-12,13.6100,13.6200,12.9200,13.1200,12.9609,1538010,0.0000,1.0000
2016-05-11,13.7800,13.9400,13.1500,13.6200,13.4549,1450130,0.0000,1.0000
2016-05-10,13.8200,14.1300,13.7850,14.1200,13.9488,572556,0.0000,1.0000
2016-05-09,13.8600,13.8801,13.1800,13.6000,13.4351,750022,0.0000,1.0000
2016-05-06,13.9400,14.1800,13.7200,13.9800,13.8105,433148,0.0000,1.0000
2016-05-05,14.4300,14.4600,13.8200,13.9900,13.8204,474383,0.0000,1.0000
2016-05-04,14.3100,14.5300,14.2200,14.3700,14.1958,965874,0.0000,1.0000
2016-05-03,14.5300,14.6100,14.2500,14.4200,14.2452,895404,0.0000,1.0000
2016-05-02,14.5900,14.8800,14.4800,14.7700,14.5909,624623,0.0000,1.0000
2016-04-29,14.5900,14.7500,14.3300,14.6500,14.4724,828567,0.0000,1.0000
2016-04-28,14.3100,14.6100,14.2800,14.3700,14.1958,643333,0.0036,1.0000
2016-04-27,14.3800,14.4100,14.1200,14.2600,14.0835,396925,0.0000,1.0000
2016-04-26,13.9000,14.2400,13.8300,14.2200,14.0440,938993,0.0000,1.0000
2016-04-25,14.0400,14.0500,13.7900,13.8300,13.6589,451325,0.0000,1.0000
2016-04-22,13.9600,14.1400,13.8100,14.0200,13.8465,352047,0.0000,1.0000
2016-04-21,14.4600,14.5600,14.2100,14.2300,14.0539,345686,0.0000,1.0000
2016-04-20,14.4700,14.5100,14.3100,14.4400,14.2613,587594,0.0000,1.0000
2016-04-19,14.5000,14.6800,14.4600,14.6100,14.4292,573843,0.0000,1.0000
2016-04-18,14.3000,14.5100,14.2200,14.2200,14.0440,515170,0.0000,1.0000
2016-04-15,14.9900,15.0900,14.5900,14.7000,14.5181,1299721,0.0000,1.0000
2016-04-14,14.7500,15.0200,14.6600,14.9900,14.8045,1427602,0.0000,1.0000
2016-04-13,13.7000,14.8800,13.7000,14.7700,14.5872,1630091,0.0000,1.0000
2016-04-12,13.4900,13.6500,13.1700,13.5800,13.4120,1484173,0.0000,1.0000
2016-04-11,13.5600,13.6400,13.3800,13.5700,13.4021,2049766,0.0000,1.0000
2016-04-08,13.2900,13.4100,13.1900,13.2200,13.0564,1631633,0.0000,1.0000
2016-04-07,13.0100,13.0500,12.8000,12.8800,12.7206,904859,0.0000,1.0000
2016-04-06,13.3300,13.4000,12.9100,13.1700,13.0070,900020,0.0000,1.0000
2016-04-05,13.4500,13.6750,13.4400,13.5500,13.3823,1077196,0.0000,1.0000
2016-04-04,13.9300,14.0900,13.5700,13.6900,13.5206,963870,0.0000,1.0000
2016-04-01,13.6600,14.3300,13.5500,14.2300,14.0539,1246351,0.0000,1.0000
2016-03-31,14.2100,14.3300,13.8600,13.9100,13.7379,689501,0.0000,1.0000
2016-03-30,14.5000,14.6100,14.2400,14.2700,14.0934,865823,0.0000,1.0000
2016-03-29,14.0700,14.3400,13.9400,14.2700,14.0934,884706,0.0000,1.0000
2016-03-28,14.1900,14.2700,13.8100,14.1500,13.9749,576285,0.0000,1.0000
2016-03-24,13.3500,13.6900,13.2100,13.6800,13.5107,1568560,0.0000,1.0000
2016-03-23,13.9000,13.9200,13.4300,13.4500,13.2836,836426,0.0000,1.0000
2016-03-22,13.8100,14.3000,13.7900,14.1700,13.9947,592861,0.0000,1.0000
2016-03-21,13.7400,14.1200,13.7000,13.8700,13.6984,999791,0.0000,1.0000
2016-03-18,13.1300,13.6000,13.0900,13.5700,13.4021,1091370,0.0000,1.0000
2016-03-17,13.3200,13.3200,12.9000,13.0800,12.9181,1188817,0.0000,1.0000
2016-03-16,12.1800,12.6400,12.1700,12.5900,12.4342,1208987,0.0000,1.0000
2016-03-15,12.4600,12.6400,12.1500,12.4800,12.3256,1273939,0.0000,1.0000
2016-03-14,13.1200,13.4400,12.9900,13.2100,13.0465,563697,0.0000,1.0000
2016-03-11,13.0700,13.2500,12.9700,13.1900,13.0268,657009,0.0000,1.0000
2016-03-10,12.8700,13.1300,12.5200,13.0000,12.8391,1822582,0.0000,1.0000
2016-03-09,12.6700,12.7600,12.5800,12.7300,12.5725,862415,0.0000,1.0000
2016-03-08,12.4300,12.5400,12.3200,12.3600,12.2071,2016591,0.0000,1.0000
2016-03-07,12.2700,12.5200,12.2600,12.4700,12.3157,2416109,0.0000,1.0000
2016-03-04,12.3800,12.6400,12.0100,12.2800,12.1280,2558125,0.0000,1.0000
2016-03-03,11.1200,11.8400,10.9800,11.7400,11.5947,1451502,0.0000,1.0000
2016-03-02,10.6800,10.9100,10.5300,10.8400,10.7059,1513622,0.0000,1.0000
2016-03-01,10.5600,10.7100,10.4000,10.6800,10.5478,1022713,0.0000,1.0000
2016-02-29,10.5400,10.5600,10.3600,10.4900,10.3602,712229,0.0000,1.0000
2016-02-26,10.6800,10.6800,10.1650,10.3300,10.2022,875030,0.0000,1.0000
2016-02-25,10.5700,10.5900,10.1700,10.2200,10.0935,524802,0.0000,1.0000
2016-02-24,10.2700,10.6250,10.0700,10.5400,10.4096,522409,0.0000,1.0000
2016-02-23,11.0400,11.0700,10.6800,10.7900,10.6565,487990,0.0000,1.0000
2016-02-22,10.9900,11.1450,10.9850,11.1300,10.9923,516545,0.0000,1.0000
2016-02-19,10.5200,10.6600,10.4050,10.5300,10.3997,384822,0.0000,1.0000
2016-02-18,10.7700,10.8000,10.3800,10.6300,10.4985,683081,0.0000,1.0000
2016-02-17,10.7400,11.1800,10.7400,11.0500,10.9133,819312,0.0000,1.0000
2016-02-16,10.4600,10.7100,10.3200,10.6000,10.4688,999854,0.0000,1.0000
2016-02-12,10.1200,10.4300,10.1100,10.3900,10.2614,832112,0.0000,1.0000
2016-02-11,9.9000,10.0200,9.6400,9.8700,9.7479,465745,0.0000,1.0000
2016-02-10,10.3000,10.5900,10.1100,10.1500,10.0244,592021,0.0000,1.0000
2016-02-09,10.3200,10.3600,10.0400,10.2000,10.0738,349647,0.0000,1.0000
2016-02-08,10.5300,10.5450,10.2000,10.4600,10.3306,403754,0.0000,1.0000
2016-02-05,10.6700,10.7800,10.5600,10.6900,10.5577,687909,0.0000,1.0000
2016-02-04,10.3300,10.6600,10.3300,10.6100,10.4787,986772,0.0000,1.0000
2016-02-03,9.8900,10.2500,9.6200,10.2100,10.0837,674655,0.0000,1.0000
2016-02-02,9.8600,9.8800,9.2200,9.4500,9.3331,1195673,0.0000,1.0000
2016-02-01,9.5800,9.9500,9.3500,9.8100,9.6886,1049409,0.0000,1.0000
2016-01-29,9.3000,9.5700,9.1100,9.5500,9.4318,814803,0.0000,1.0000
2016-01-28,8.9500,8.9900,8.6100,8.7800,8.6714,528491,0.0000,1.0000
2016-01-27,8.2800,8.9300,8.2800,8.6600,8.5528,538110,0.0000,1.0000
2016-01-26,8.1000,8.2700,8.0200,8.2600,8.1578,492573,0.0000,1.0000
2016-01-25,8.3700,8.6500,8.2200,8.2500,8.1479,500188,0.0000,1.0000
2016-01-22,8.2200,8.4700,8.1800,8.3600,8.2566,518903,0.0000,1.0000
2016-01-21,8.2500,8.3500,8.0000,8.0100,7.9109,1058598,0.0000,1.0000
2016-01-20,8.3200,9.1100,8.0500,8.7200,8.6121,1734525,0.0000,1.0000
2016-01-19,8.7600,8.8300,8.6100,8.6900,8.5825,1138525,0.0000,1.0000
2016-01-15,8.5300,8.8300,8.5100,8.7700,8.6615,922307,0.0000,1.0000
2016-01-14,8.1100,8.7400,8.0700,8.6700,8.5627,1038513,0.0000,1.0000
2016-01-13,8.6500,8.8400,8.1400,8.2700,8.1677,1199235,0.0000,1.0000
2016-01-12,9.0100,9.0850,8.6300,8.8300,8.7207,796811,0.0000,1.0000
2016-01-11,9.4600,9.5000,9.0400,9.1500,9.0368,494599,0.0000,1.0000
2016-01-08,9.5900,9.6100,9.3300,9.3600,9.2442,671506,0.0000,1.0000
2016-01-07,9.2700,9.5400,9.2600,9.4000,9.2837,1081350,0.0000,1.0000
2016-01-06,9.8500,9.9350,9.6200,9.8000,9.6787,1228559,0.0000,1.0000
2016-01-05,10.0200,10.2800,9.9700,10.2100,10.0837,618843,0.0000,1.0000
2016-01-04,10.1000,10.1900,9.9300,10.0200,9.8960,729951,0.0000,1.0000
2015-12-31,10.5300,10.5900,10.4712,10.5200,10.3898,239184,0.0000,1.0000
2015-12-30,10.7200,10.7800,10.5300,10.6200,10.4886,887128,0.0000,1.0000
2015-12-29,11.1200,11.2000,10.8100,10.9300,10.7947,668914,0.0000,1.0000
2015-12-28,10.6500,11.1600,10.6300,11.1300,10.9923,737420,0.0000,1.0000
2015-12-24,10.5600,10.6900,10.5000,10.6600,10.5281,325730,0.0000,1.0000
2015-12-23,10.4000,10.6300,10.3300,10.6100,10.4787,845609,0.0000,1.0000
2015-12-22,10.3400,10.5800,10.3300,10.5200,10.3898,665630,0.0000,1.0000
2015-12-21,10.4100,10.5100,10.1550,10.4400,10.3108,1059036,0.0000,1.0000
2015-12-18,10.9600,11.2400,10.7200,10.8000,10.6664,936532,0.0000,1.0000
2015-12-17,11.7700,11.8400,11.1700,11.2400,11.1009,1375469,0.0000,1.0000
2015-12-16,11.7000,12.1300,11.4100,12.0300,11.8811,1121613,0.0000,1.0000
2015-12-15,12.0100,12.0500,11.4150,11.7100,11.5651,882881,0.0000,1.0000
2015-12-14,12.0400,12.1600,11.7300,11.9500,11.8021,1569435,0.0000,1.0000
2015-12-11,12.6200,12.6400,12.1800,12.2000,12.0490,982178,0.0000,1.0000
2015-12-10,12.6200,12.9400,12.5400,12.5900,12.4342,736860,0.0000,1.0000
2015-12-09,12.6300,13.2100,12.5600,12.8900,12.7305,974810,0.0000,1.0000
2015-12-08,11.7900,12.1500,11.7000,12.0800,11.9305,1119332,0.0000,1.0000
2015-12-07,12.4300,12.4700,12.2100,12.3400,12.1873,628142,0.0000,1.0000
2015-12-04,12.5800,12.5800,12.3600,12.4900,12.3354,702721,0.0000,1.0000
2015-12-03,12.7600,12.9400,12.6300,12.8100,12.6515,686350,0.0000,1.0000
2015-12-02,12.5500,12.6100,12.3200,12.5600,12.4046,1254358,0.0000,1.0000
2015-12-01,12.7000,12.7700,12.3800,12.4700,12.3157,957423,0.0000,1.0000
2015-11-30,12.6700,12.7850,12.5000,12.5600,12.4046,1698467,0.0000,1.0000
2015-11-27,13.7400,13.7600,13.1600,13.1600,12.9972,546132,0.0000,1.0000
2015-11-25,13.7800,14.0300,13.6200,13.8100,13.6391,1113622,0.0000,1.0000
2015-11-24,14.2400,14.3300,13.9700,14.1500,13.9749,968934,0.0000,1.0000
2015-11-23,14.9100,14.9200,14.4500,14.5300,14.3502,3414034,0.0000,1.0000
2015-11-20,14.7500,15.3500,14.7500,15.1400,14.9527,659146,0.0000,1.0000
2015-11-19,14.3700,14.7900,14.3400,14.6800,14.4983,553166,0.0000,1.0000
2015-11-18,14.0300,14.3400,13.9400,14.2500,14.0737,508047,0.0000,1.0000
2015-11-17,14.2400,14.3800,14.0900,14.1700,13.9947,420395,0.0000,1.0000
2015-11-16,14.0200,14.2400,13.9500,14.2300,14.0539,461853,0.0000,1.0000
2015-11-13,14.0100,14.1200,13.6200,13.9200,13.7477,893085,0.0000,1.0000
2015-11-12,14.1600,14.4300,14.0600,14.0700,13.8959,858230,0.0000,1.0000
2015-11-11,14.4200,14.4300,13.8400,14.3400,14.1626,995355,0.0000,1.0000
2015-11-10,13.4100,13.9000,13.2950,13.7800,13.6095,1282177,0.0000,1.0000
2015-11-09,13.8800,13.9500,13.5000,13.6700,13.5008,962492,0.0000,1.0000
2015-11-06,14.0600,14.1100,13.7800,14.0300,13.8564,751730,0.0000,1.0000
2015-11-05,14.2800,14.4300,14.1200,14.3100,14.1329,548578,0.0000,1.0000
2015-11-04,14.3600,14.5400,14.0200,14.1600,13.9848,1017955,0.0000,1.0000
2015-11-03,13.4000,14.5600,13.4000,14.5000,14.3206,1340657,0.0361,1.0000
2015-11-02,13.1900,13.7000,13.1900,13.6400,13.4378,710741,0.0000,1.0000
2015-10-30,13.0300,13.2000,12.9100,13.1300,12.9353,1645719,0.0000,1.0000
2015-10-29,12.7100,13.1500,12.7100,13.0200,12.8270,1678954,0.0000,1.0000
2015-10-28,13.0000,13.3600,12.8500,13.1600,12.9649,1312979,0.0000,1.0000
2015-10-27,12.8200,12.9900,12.7300,12.8100,12.6201,698464,0.0000,1.0000
2015-10-26,13.0600,13.1100,12.6400,12.7500,12.5610,450196,0.0000,1.0000
2015-10-23,13.4700,13.5500,12.9900,13.0600,12.8664,625241,0.0000,1.0000
2015-10-22,13.4300,13.6500,13.2600,13.4400,13.2407,639381,0.0000,1.0000
2015-10-21,13.1400,13.2050,12.9400,13.1100,12.9156,650750,0.0000,1.0000
2015-10-20,13.0500,13.1300,12.8100,13.0200,12.8270,468067,0.0000,1.0000
2015-10-19,12.8500,12.9900,12.6200,12.9600,12.7678,585730,0.0000,1.0000
2015-10-16,13.4700,13.5000,12.7900,13.1100,12.9156,1367143,0.0000,1.0000
2015-10-15,13.9100,14.0200,13.3839,13.8800,13.6742,1003939,0.0000,1.0000
2015-10-14,13.8600,13.8600,13.3250,13.7000,13.4969,1356386,0.0000,1.0000
2015-10-13,14.5100,14.5400,13.8700,13.9500,13.7432,1624982,0.0000,1.0000
2015-10-12,15.5100,15.5100,14.9600,15.0500,14.8269,653036,0.0000,1.0000
2015-10-09,15.0800,15.6400,15.0300,15.5900,15.3589,1122894,0.0000,1.0000
2015-10-08,13.8200,14.8300,13.8200,14.7800,14.5609,1511922,0.0000,1.0000
2015-10-07,14.1200,14.4100,13.6300,13.8800,13.6742,831835,0.0000,1.0000
2015-10-06,13.7100,14.0100,13.7100,13.9000,13.6939,659347,0.0000,1.0000
2015-10-05,13.2200,13.9600,13.1500,13.6400,13.4378,1065675,0.0000,1.0000
2015-10-02,12.5500,12.8800,12.3800,12.8700,12.6792,1354948,0.0000,1.0000
2015-10-01,12.6800,12.8610,12.4600,12.6800,12.4920,908471,0.0000,1.0000
2015-09-30,12.4400,12.5900,12.3400,12.5400,12.3541,1028129,0.0000,1.0000
2015-09-29,11.9100,12.2350,11.7700,12.0900,11.9107,924276,0.0000,1.0000
2015-09-28,12.3800,12.4100,11.8600,11.9000,11.7236,1102006,0.0000,1.0000
2015-09-25,12.9400,12.9700,12.4500,12.5100,12.3245,892850,0.0000,1.0000
2015-09-24,11.4300,12.6400,11.3700,12.4900,12.3048,1805977,0.0000,1.0000
2015-09-23,12.9900,13.0500,12.1000,12.1400,11.9600,1696358,0.0000,1.0000
2015-09-22,13.1500,13.2400,12.8000,13.0400,12.8467,1100968,0.0000,1.0000
2015-09-21,14.1400,14.2900,13.7600,13.8200,13.6151,548499,0.0000,1.0000
2015-09-18,15.4100,15.4300,13.9100,13.9900,13.7826,1435533,0.0000,1.0000
2015-09-17,15.9100,15.9900,15.5400,15.5700,15.3391,1485737,0.0000,1.0000
2015-09-16,16.4800,16.5800,16.4199,16.4900,16.2455,639108,0.0000,1.0000
2015-09-15,16.2100,16.3300,16.0600,16.2700,16.0288,523135,0.0000,1.0000
2015-09-14,15.8100,16.4900,15.6600,16.4500,16.2061,668412,0.0000,1.0000
2015-09-11,15.8200,15.9200,15.6300,15.7400,15.5066,440447,0.0000,1.0000
2015-09-10,15.5300,16.0200,15.3700,15.8100,15.5756,631285,0.0000,1.0000
2015-09-09,16.4100,16.6300,16.1000,16.1700,15.9303,546499,0.0000,1.0000
2015-09-08,16.6700,16.8100,16.0700,16.1900,15.9500,671131,0.0000,1.0000
2015-09-04,17.0400,17.0800,16.2650,16.2800,16.0386,602490,0.0000,1.0000
2015-09-03,16.7300,17.2900,16.6400,17.2000,16.9450,658520,0.0000,1.0000
2015-09-02,16.8100,17.0100,16.6700,17.0000,16.7479,607786,0.0000,1.0000
2015-09-01,16.9000,16.9500,16.5200,16.6200,16.3736,1108793,0.0000,1.0000
2015-08-31,17.1200,17.3600,16.8300,17.2200,16.9647,916131,0.0000,1.0000
2015-08-28,17.5000,18.1050,17.4100,17.9800,17.7134,862271,0.0000,1.0000
2015-08-27,17.7100,18.3900,17.6800,18.0100,17.7430,851679,0.0000,1.0000
2015-08-26,17.0200,17.4800,16.8900,17.4300,17.1716,1017653,0.0000,1.0000
2015-08-25,17.4700,17.6750,16.8700,16.9100,16.6593,1164820,0.0000,1.0000
2015-08-24,16.3200,17.4200,16.2500,16.9700,16.7184,781316,0.0000,1.0000
2015-08-21,18.1000,18.1900,17.6000,17.6000,17.3390,825828,0.0000,1.0000
2015-08-20,18.3800,18.8000,18.0500,18.4300,18.1567,1212362,0.0000,1.0000
2015-08-19,18.0800,18.5200,17.4400,18.4600,18.1863,1042292,0.0000,1.0000
2015-08-18,18.2300,18.6600,18.1200,18.4500,18.1764,546821,0.0000,1.0000
2015-08-17,18.4000,18.6500,18.2900,18.3500,18.0779,815967,0.0000,1.0000
2015-08-14,18.7700,18.9100,18.4700,18.4700,18.1961,667072,0.0000,1.0000
2015-08-13,19.3100,19.3100,18.6800,18.7000,18.4227,491124,0.0000,1.0000
2015-08-12,19.6700,19.6700,19.1700,19.3000,19.0138,539202,0.0000,1.0000
2015-08-11,19.9900,20.0900,19.3900,19.7600,19.4670,645668,0.0000,1.0000
2015-08-10,19.6300,20.2800,19.6000,20.2700,19.9695,432056,0.0000,1.0000
2015-08-07,19.5700,19.9500,19.4000,19.4300,19.1419,622983,0.0000,1.0000
2015-08-06,20.5200,20.6300,19.8800,19.9600,19.6641,910280,0.0371,1.0000
2015-08-05,20.7200,21.2400,20.7200,20.8500,20.5027,461756,0.0000,1.0000
2015-08-04,20.9600,21.0000,20.4900,20.7200,20.3749,1046867,0.0000,1.0000
2015-08-03,21.6800,21.8200,20.9205,21.0400,20.6896,851503,0.0000,1.0000
2015-07-31,22.1200,22.2100,21.4400,21.7400,21.3779,1053258,0.0000,1.0000
2015-07-30,21.7900,22.5200,21.7900,22.3900,22.0171,596092,0.0000,1.0000
2015-07-29,21.4400,22.2400,21.2500,21.9600,21.5942,630023,0.0000,1.0000
2015-07-28,21.2700,21.5600,20.9600,21.5200,21.1616,762797,0.0000,1.0000
2015-07-27,20.6100,21.2600,20.4800,21.0300,20.6797,743473,0.0000,1.0000
2015-07-24,21.2900,21.3100,20.5900,20.7000,20.3552,511192,0.0000,1.0000
2015-07-23,21.6300,21.9200,21.4300,21.4900,21.1321,681813,0.0000,1.0000
2015-07-22,22.5500,22.5700,22.0200,22.2700,21.8991,700107,0.0000,1.0000
2015-07-21,22.9800,23.1200,22.7400,23.0400,22.6562,488435,0.0000,1.0000
2015-07-20,23.0600,23.1300,22.7800,22.9700,22.5874,515220,0.0000,1.0000
2015-07-17,24.0500,24.1200,23.2100,23.4400,23.0496,724140,0.0000,1.0000
2015-07-16,23.5600,24.1100,23.5000,23.7800,23.3839,651207,0.0000,1.0000
2015-07-15,23.3900,23.5400,23.2000,23.2300,22.8431,555392,0.0000,1.0000
2015-07-14,23.6400,23.6400,22.7100,23.3900,23.0004,926333,0.0000,1.0000
2015-07-13,22.6000,23.7900,22.5600,23.6400,23.2463,1331687,0.0000,1.0000
2015-07-10,21.4100,22.0800,21.2800,21.9800,21.6139,751416,0.0000,1.0000
2015-07-09,21.1800,21.6100,20.9000,20.9000,20.5519,410582,0.0000,1.0000
2015-07-08,21.3400,21.4200,20.5700,20.6700,20.3257,857992,0.0000,1.0000
2015-07-07,22.3500,22.3600,21.5700,21.7200,21.3582,792516,0.0000,1.0000
2015-07-06,22.7500,23.2300,22.5100,22.6300,22.2531,497683,0.0000,1.0000
2015-07-02,23.6800,23.8500,23.4400,23.6400,23.2463,543145,0.0000,1.0000
2015-07-01,23.6800,23.8600,23.4100,23.6100,23.2168,533495,0.0000,1.0000
2015-06-30,24.5400,24.5900,23.5100,23.6700,23.2758,750597,0.0000,1.0000
2015-06-29,24.3900,24.4800,24.1200,24.2100,23.8068,308999,0.0000,1.0000
2015-06-26,24.9700,25.0400,24.6400,24.7300,24.3181,314751,0.0000,1.0000
2015-06-25,25.3000,25.4500,25.0000,25.0300,24.6131,343391,0.0000,1.0000
2015-06-24,25.5100,25.7000,25.3400,25.4200,24.9966,272214,0.0000,1.0000
2015-06-23,25.2600,25.5700,25.1500,25.5300,25.1048,649043,0.0000,1.0000
2015-06-22,25.7900,25.8300,25.4100,25.4600,25.0359,422169,0.0000,1.0000
2015-06-19,26.1300,26.1600,25.4100,25.4300,25.0064,481317,0.0000,1.0000
2015-06-18,26.5500,26.6900,26.2800,26.3300,25.8915,452189,0.0000,1.0000
2015-06-17,26.0700,26.6900,25.7900,26.5700,26.1275,395786,0.0000,1.0000
2015-06-16,26.4000,26.5300,25.9750,26.3000,25.8620,300084,0.0000,1.0000
2015-06-15,26.0300,26.2600,25.8800,26.1400,25.7046,266840,0.0000,1.0000
2015-06-12,26.5200,26.6200,25.9700,26.1000,25.6653,632292,0.0000,1.0000
2015-06-11,26.9700,27.1100,26.4999,26.7600,26.3143,765768,0.0000,1.0000
2015-06-10,27.5300,27.8300,27.2300,27.3000,26.8453,333190,0.0000,1.0000
2015-06-09,26.9400,27.0300,26.5500,26.9000,26.4520,694180,0.0000,1.0000
2015-06-08,26.6600,27.0000,26.6200,26.8500,26.4028,700868,0.0000,1.0000
2015-06-05,25.8600,26.5350,25.6800,26.2700,25.8325,1917451,0.0000,1.0000
2015-06-04,26.3400,26.4900,26.1050,26.1800,25.7439,375071,0.0000,1.0000
2015-06-03,26.9800,26.9900,26.4200,26.5300,26.0881,654204,0.0000,1.0000
2015-06-02,26.7500,27.2400,26.7100,26.9700,26.5208,368649,0.0000,1.0000
2015-06-01,26.7400,26.9000,26.5600,26.6900,26.2455,346790,0.0000,1.0000
2015-05-29,27.3900,27.6300,26.4900,26.8100,26.3635,931409,0.0000,1.0000
2015-05-28,27.2600,27.3100,27.0200,27.2100,26.7568,407607,0.0000,1.0000
2015-05-27,27.2900,27.5900,27.0400,27.5600,27.1010,541052,0.0000,1.0000
2015-05-26,28.4400,28.4700,27.5800,27.6200,27.1600,707656,0.0000,1.0000
2015-05-22,29.7100,29.7300,28.6000,28.6500,28.1728,727392,0.0000,1.0000
2015-05-21,29.2000,29.6200,29.1600,29.5300,29.0382,801991,0.0000,1.0000
2015-05-20,29.4700,29.7500,29.1000,29.5100,29.0185,929110,0.0000,1.0000
2015-05-19,29.6200,29.7600,29.1600,29.2600,28.7726,544446,0.0415,1.0000
2015-05-18,30.5700,30.5700,29.7700,29.8500,29.3113,362535,0.0000,1.0000
2015-05-15,30.3000,30.8200,30.2200,30.6100,30.0575,330712,0.0000,1.0000
2015-05-14,30.5200,30.6200,30.0688,30.3700,29.8219,468920,0.0000,1.0000
2015-05-13,30.9500,30.9500,29.9300,30.1400,29.5960,736886,0.0000,1.0000
2015-05-12,30.7000,31.0600,30.2100,30.3600,29.8121,729159,0.0000,1.0000
2015-05-11,32.3700,32.4400,30.8800,30.9000,30.3423,1121097,0.0000,1.0000
2015-05-08,32.8500,33.1000,32.2550,32.6700,32.0804,913636,0.0000,1.0000
2015-05-07,33.2800,33.6950,32.9600,33.5300,32.9248,634557,0.0000,1.0000
2015-05-06,33.4800,33.4800,32.9700,33.2000,32.6008,426398,0.0000,1.0000
2015-05-05,33.1100,33.6100,33.0800,33.3800,32.7775,509033,0.0000,1.0000
2015-05-04,32.9400,33.1400,32.7300,32.9400,32.3455,429255,0.0000,1.0000
2015-05-01,33.5700,33.5700,33.1500,33.2200,32.6204,423449,0.0000,1.0000
2015-04-30,33.8000,33.9000,33.2900,33.5400,32.9347,527667,0.0000,1.0000
2015-04-29,34.2400,34.4600,33.8100,34.0400,33.4256,589080,0.0000,1.0000
2015-04-28,34.2100,34.5700,33.8200,33.9100,33.2980,522115,0.2226,1.0000
2015-04-27,33.8600,34.7200,33.8500,34.1600,33.3247,1733181,0.0000,1.0000
2015-04-24,32.8000,33.3700,32.4800,33.3500,32.5346,944231,0.0000,1.0000
2015-04-23,32.2400,32.8900,32.2000,32.7300,31.9297,465453,0.0000,1.0000
2015-04-22,32.1400,32.4493,31.8600,32.4200,31.6273,623945,0.0000,1.0000
2015-04-21,32.1900,32.3800,31.9900,32.0100,31.2273,305016,0.0000,1.0000
2015-04-20,31.9800,32.2000,31.7750,32.0200,31.2371,602513,0.0000,1.0000
2015-04-17,31.7500,32.3500,31.7000,32.2200,31.4322,804465,0.0000,1.0000
2015-04-16,32.4300,32.7000,32.1200,32.5100,31.7151,438600,0.0000,1.0000
2015-04-15,32.3700,32.7600,31.7000,32.6200,31.8224,593717,0.0000,1.0000
2015-04-14,33.0200,33.1400,32.4900,32.6000,31.8029,441302,0.0000,1.0000
2015-04-13,32.8000,32.8600,32.5200,32.6700,31.8712,544139,0.0000,1.0000
2015-04-10,32.5800,33.0500,32.5800,32.7800,31.9785,696232,0.0000,1.0000
2015-04-09,32.9200,33.2300,32.6400,32.7400,31.9395,884547,0.0000,1.0000
2015-04-08,32.6100,32.9400,32.4200,32.6800,31.8809,709469,0.0000,1.0000
2015-04-07,31.7200,32.3200,31.7000,31.8000,31.0225,1070270,0.0000,1.0000
2015-04-06,31.8600,32.3670,31.7600,31.8400,31.0615,411698,0.0000,1.0000
2015-04-02,30.7400,31.4800,30.6701,31.2400,30.4761,697813,0.0000,1.0000
2015-04-01,30.4900,30.5900,30.0300,30.4300,29.6859,584725,0.0000,1.0000
2015-03-31,29.7200,30.0900,29.3700,29.8200,29.0909,396529,0.0000,1.0000
2015-03-30,29.3800,29.8500,29.2200,29.7100,28.9836,358246,0.0000,1.0000
2015-03-27,29.0900,29.4900,29.0400,29.3000,28.5836,360963,0.0000,1.0000
2015-03-26,30.2400,30.4200,29.4800,29.5900,28.8665,412397,0.0000,1.0000
2015-03-25,31.5000,31.6500,30.5200,30.5300,29.7835,468180,0.0000,1.0000
2015-03-24,31.5000,31.6700,30.7200,31.0400,30.2810,396894,0.0000,1.0000
2015-03-23,30.8800,31.3900,30.8500,31.0200,30.2615,428498,0.0000,1.0000
2015-03-20,30.0400,30.7500,29.9200,30.4300,29.6859,910518,0.0000,1.0000
2015-03-19,29.5500,29.7100,28.9600,28.9600,28.2519,398405,0.0000,1.0000
2015-03-18,29.2400,30.0900,29.0200,29.9600,29.2274,517243,0.0000,1.0000
2015-03-17,28.7900,29.4500,28.7500,29.1900,28.4763,1897199,0.0000,1.0000
2015-03-16,29.5900,29.6900,29.0500,29.1400,28.4275,396854,0.0000,1.0000
2015-03-13,29.6900,29.9300,29.1500,29.2300,28.5153,984979,0.0000,1.0000
2015-03-12,31.4800,31.6400,30.6700,30.6900,29.9396,753932,0.0000,1.0000
2015-03-11,30.8700,31.3200,30.7500,31.0600,30.3005,772873,0.0000,1.0000
2015-03-10,30.9700,31.3100,30.8600,31.1500,30.3883,1685808,0.0000,1.0000
2015-03-09,31.2500,31.3200,30.9200,30.9900,30.2323,623303,0.0000,1.0000
2015-03-06,31.6200,31.7400,31.4800,31.6900,30.9151,368882,0.0000,1.0000
2015-03-05,32.2500,32.4100,31.9400,32.2000,31.4127,470210,0.0000,1.0000
2015-03-04,32.3800,32.6300,32.1800,32.5500,31.7541,748885,0.0000,1.0000
2015-03-03,33.3900,33.7500,33.0200,33.1300,32.3199,282542,0.0000,1.0000
2015-03-02,33.7700,33.8550,33.3500,33.3900,32.5736,511608,0.0000,1.0000
2015-02-27,33.4800,34.3500,33.4600,34.0500,33.2174,638586,0.0000,1.0000
2015-02-26,32.6400,33.0950,32.4400,32.8300,32.0273,424823,0.0000,1.0000
2015-02-25,32.5900,32.8800,32.3600,32.7400,31.9395,300056,0.0000,1.0000
2015-02-24,32.3700,33.1800,32.1550,33.0300,32.2224,606290,0.0000,1.0000
2015-02-23,32.6400,32.7500,32.1500,32.3300,31.5395,1454535,0.0000,1.0000
2015-02-20,31.8800,32.1000,31.7400,31.7800,31.0029,639097,0.0000,1.0000
2015-02-19,32.1500,32.3700,31.8600,32.0800,31.2956,842743,0.0000,1.0000
2015-02-18,32.3100,32.3700,31.6700,32.2600,31.4712,708020,0.0000,1.0000
2015-02-17,32.0600,32.5750,31.5100,32.3200,31.5297,358005,0.0000,1.0000
2015-02-13,31.9700,32.3700,31.7800,32.0200,31.2371,498020,0.0000,1.0000
2015-02-12,31.8800,32.6000,31.6200,32.5200,31.7248,750793,0.0000,1.0000
2015-02-11,31.5400,31.8800,31.1100,31.5300,30.7591,585771,0.0000,1.0000
2015-02-10,32.3500,32.4400,31.8200,32.0700,31.2858,658172,0.0000,1.0000
2015-02-09,32.4300,33.0100,32.4300,32.9900,32.1834,607471,0.0000,1.0000
2015-02-06,33.0900,33.1000,32.7150,32.8900,32.0858,535407,0.0000,1.0000
2015-02-05,32.9100,33.6400,32.8300,33.3900,32.5736,650118,0.0000,1.0000
2015-02-04,32.5200,33.0300,32.4600,32.7300,31.9297,565919,0.0000,1.0000
2015-02-03,33.2200,33.6600,33.1200,33.4000,32.5833,625726,0.0000,1.0000
2015-02-02,32.8800,33.3300,32.7300,33.3000,32.4858,954076,0.0000,1.0000
2015-01-30,33.1400,33.5000,32.7400,32.8100,32.0078,874605,0.0000,1.0000
2015-01-29,34.4100,35.0100,34.2900,34.9700,34.1149,537432,0.0000,1.0000
2015-01-28,35.1200,35.2600,34.5600,34.6000,33.7540,833066,0.0000,1.0000
2015-01-27,35.2500,36.0500,35.0400,35.5800,34.7100,650876,0.0000,1.0000
2015-01-26,35.4900,36.2800,35.4900,36.1400,35.2563,520676,0.0000,1.0000
2015-01-23,36.4700,36.6000,36.1000,36.3000,35.4124,441743,0.0000,1.0000
2015-01-22,37.3900,37.5700,36.6600,37.3200,36.4075,550011,0.0000,1.0000
2015-01-21,34.7100,36.2700,34.6800,36.1600,35.2758,521581,0.0000,1.0000
2015-01-20,33.9800,34.5200,33.8900,34.3600,33.5199,626331,0.0000,1.0000
2015-01-16,34.1100,34.4300,33.6200,33.8500,33.0223,709278,0.0000,1.0000
2015-01-15,34.6200,34.8000,34.2600,34.2700,33.4321,320218,0.0000,1.0000
2015-01-14,34.3600,35.0200,34.1900,34.8400,33.9881,608325,0.0000,1.0000
2015-01-13,34.9800,35.7800,34.9200,35.6700,34.7978,711048,0.0000,1.0000
2015-01-12,35.2500,35.3000,34.7200,34.9200,34.0662,432287,0.0000,1.0000
2015-01-09,36.5700,36.7200,35.9000,36.0400,35.1588,351933,0.0000,1.0000
2015-01-08,35.8300,36.6900,35.6800,36.4900,35.5978,374058,0.0000,1.0000
2015-01-07,36.1200,36.6200,35.7900,36.1300,35.2466,540024,0.0000,1.0000
2015-01-06,35.0100,35.3000,34.3800,35.2000,34.3393,627655,0.0000,1.0000
2015-01-05,34.0500,34.5000,33.9000,34.3800,33.5394,468753,0.0000,1.0000
2015-01-02,36.0600,36.0600,34.7100,34.7400,33.8906,694370,0.0000,1.0000
2014-12-31,36.8900,37.1700,36.5000,36.8300,35.9295,149541,0.0000,1.0000
2014-12-30,37.3400,37.5300,36.7000,36.9900,36.0855,332200,0.0000,1.0000
2014-12-29,36.2900,36.8400,36.2500,36.5300,35.6368,294491,0.0000,1.0000
2014-12-26,36.5700,36.7200,36.1000,36.4700,35.5783,241193,0.0000,1.0000
2014-12-24,36.3500,36.7000,36.3200,36.6000,35.7051,159767,0.0000,1.0000
2014-12-23,36.7100,36.7700,36.0700,36.3800,35.4905,410703,0.0000,1.0000
2014-12-22,36.5700,37.5800,36.5300,37.5800,36.6611,349322,0.0000,1.0000
2014-12-19,36.6300,36.8100,36.1400,36.5000,35.6075,725699,0.0000,1.0000
2014-12-18,36.3700,36.8000,35.8950,36.2300,35.3441,987897,0.0000,1.0000
2014-12-17,35.6100,36.9900,35.6050,36.0300,35.1490,774526,0.0000,1.0000
2014-12-16,34.9900,35.8500,34.5500,35.3500,34.4856,546186,0.0000,1.0000
2014-12-15,37.0000,37.0600,35.8400,36.4100,35.5197,452797,0.0000,1.0000
2014-12-12,37.7400,37.7400,36.3800,37.1200,36.2124,456494,0.0000,1.0000
2014-12-11,38.0000,38.2700,37.6500,37.7400,36.8172,492611,0.0000,1.0000
2014-12-10,39.1000,39.1800,38.3500,38.3500,37.4123,384904,0.0000,1.0000
2014-12-09,38.9300,39.6700,38.5800,39.3800,38.4171,525044,0.0000,1.0000
2014-12-08,40.0000,40.0000,38.8300,39.0000,38.0464,500553,0.0000,1.0000
2014-12-05,40.0100,40.3200,39.7200,40.2000,39.2171,257799,0.0000,1.0000
2014-12-04,40.3500,40.5400,40.0000,40.3500,39.3634,258465,0.0000,1.0000
2014-12-03,41.0200,41.2700,40.6500,40.8500,39.8512,345524,0.0000,1.0000
2014-12-02,40.8500,40.8900,40.0900,40.1000,39.1195,323293,0.0000,1.0000
2014-12-01,41.5700,41.5900,40.5600,40.7500,39.7536,429342,0.0000,1.0000
2014-11-28,42.2800,42.3300,41.7500,42.1100,41.0804,178723,0.0000,1.0000
2014-11-26,42.7400,43.3300,42.4700,43.3100,42.2510,401096,0.0000,1.0000
2014-11-25,42.7900,42.7900,42.1450,42.4000,41.3633,423655,0.0000,1.0000
2014-11-24,41.8500,42.0500,41.1100,41.4200,40.4072,410851,0.0000,1.0000
2014-11-21,41.0500,42.9800,41.0500,42.8000,41.7535,858164,0.0000,1.0000
2014-11-20,40.6500,41.2600,40.0300,40.4000,39.4122,644157,0.0000,1.0000
2014-11-19,40.3200,40.7900,40.0700,40.7200,39.7243,476360,0.0000,1.0000
2014-11-18,40.0000,40.9800,39.9500,40.6800,39.6853,388160,0.0000,1.0000
2014-11-17,40.0100,40.3000,39.6000,39.8000,38.8268,375501,0.0000,1.0000
2014-11-14,39.3500,40.1700,39.2500,39.7700,38.7976,555590,0.0000,1.0000
2014-11-13,41.3800,41.5800,39.9600,40.5500,39.5585,527506,0.0000,1.0000
2014-11-12,41.0300,41.8900,41.0300,41.5700,40.5536,586924,0.0000,1.0000
2014-11-11,41.0900,41.0900,40.5400,40.9900,39.9877,303269,0.0000,1.0000
2014-11-10,41.3800,41.4600,40.8000,41.0200,40.0170,387492,0.0488,1.0000
2014-11-07,40.4100,40.6900,40.2000,40.4000,39.3654,443650,0.0000,1.0000
2014-11-06,41.1200,41.1200,39.9900,40.1500,39.1218,502257,0.0000,1.0000
2014-11-05,41.0200,41.5500,40.8300,41.0700,40.0182,296409,0.0000,1.0000
2014-11-04,40.9400,41.7300,40.5700,41.4200,40.3592,430564,0.0000,1.0000
2014-11-03,41.3700,41.6100,40.6200,40.8600,39.8136,531161,0.0000,1.0000
2014-10-31,41.8400,42.1900,41.3700,41.8000,40.7295,841399,0.0000,1.0000
2014-10-30,41.3800,41.5800,39.9600,40.5500,39.5115,527506,0.0000,1.0000
2014-10-29,41.1900,41.2600,39.9000,40.1200,39.0925,392942,0.0000,1.0000
2014-10-28,39.5200,40.8300,39.4100,40.3000,39.2679,587109,0.0000,1.0000
2014-10-27,37.4100,38.6000,37.2700,38.4400,37.4556,1339259,0.0000,1.0000
2014-10-24,39.2500,41.3700,39.2500,40.7200,39.6772,856464,0.0000,1.0000
2014-10-23,39.3200,39.3400,38.2300,39.0200,38.0207,1136730,0.0000,1.0000
2014-10-22,40.8500,41.0900,40.1700,40.3600,39.3264,667381,0.0000,1.0000
2014-10-21,40.7200,42.0200,40.4800,40.9700,39.9208,732853,0.0000,1.0000
2014-10-20,42.3700,42.4600,41.6500,42.1500,41.0705,822941,0.0000,1.0000
2014-10-17,42.2700,43.3900,42.2000,43.3800,42.2690,431130,0.0000,1.0000
2014-10-16,41.8600,42.4700,41.5200,41.8400,40.7685,559677,0.0000,1.0000
2014-10-15,42.8300,43.1400,42.2000,42.8400,41.7429,966337,0.0000,1.0000
2014-10-14,44.3300,44.9000,43.6300,44.0600,42.9316,441667,0.0000,1.0000
2014-10-13,44.2800,45.2700,43.8600,44.1800,43.0486,351421,0.0000,1.0000
2014-10-10,44.0800,44.1500,42.9000,42.9600,41.8598,1239186,0.0000,1.0000
2014-10-09,45.7000,45.9050,44.8200,44.9300,43.7793,564204,0.0000,1.0000
2014-10-08,45.5300,45.6400,44.0500,45.4100,44.2471,492808,0.0000,1.0000
2014-10-07,47.0800,47.1050,44.8500,44.8500,43.7014,1085685,0.0000,1.0000
2014-10-06,46.2500,46.7000,45.8400,46.0800,44.8999,813361,0.0000,1.0000
2014-10-03,42.1700,43.7400,42.1700,43.6700,42.5516,442427,0.0000,1.0000
2014-10-02,41.9700,43.2100,41.9700,42.6400,41.5480,917082,0.0000,1.0000
2014-10-01,42.7800,43.2200,42.1000,42.2800,41.1972,903295,0.0000,1.0000
2014-09-30,43.4400,43.7800,43.1100,43.6100,42.4932,608086,0.0000,1.0000
2014-09-29,43.3700,43.9300,43.1700,43.6300,42.5126,635918,0.0000,1.0000
2014-09-26,44.2400,45.7900,44.0900,45.5900,44.4224,594798,0.0000,1.0000
2014-09-25,44.8900,45.4000,44.3300,44.3900,43.2532,600049,0.0000,1.0000
2014-09-24,44.6000,45.6300,44.4300,45.3200,44.1594,725130,0.0000,1.0000
2014-09-23,45.1800,45.4999,44.4200,44.8300,43.6819,848110,0.0000,1.0000
2014-09-22,45.6600,45.9800,45.2400,45.4700,44.3055,750937,0.0000,1.0000
2014-09-19,47.0600,47.1900,46.2150,46.5000,45.3091,1155621,0.0000,1.0000
2014-09-18,46.4900,46.9500,45.9000,46.6500,45.4553,568390,0.0000,1.0000
2014-09-17,48.0100,48.2800,47.3100,47.4500,46.2348,458121,0.0000,1.0000
2014-09-16,47.3200,48.7700,47.0800,48.1200,46.8877,506689,0.0000,1.0000
2014-09-15,47.3400,47.4000,46.6400,46.9500,45.7476,586814,0.0000,1.0000
2014-09-12,47.2200,47.5800,46.9600,47.3600,46.1471,474963,0.0000,1.0000
2014-09-11,48.5000,48.6700,48.2000,48.4200,47.1800,286704,0.0000,1.0000
2014-09-10,48.1700,48.4500,47.7400,48.2600,47.0241,396619,0.0000,1.0000
2014-09-09,49.2200,49.3000,48.1200,48.2000,46.9656,753177,0.0000,1.0000
2014-09-08,51.0300,51.0400,49.8900,50.0300,48.7487,859795,0.0000,1.0000
2014-09-05,50.9400,50.9600,50.0700,50.6600,49.3626,427419,0.0000,1.0000
2014-09-04,51.2100,51.4300,50.4200,50.6500,49.3529,303433,0.0000,1.0000
2014-09-03,51.0500,51.4600,50.9000,51.2300,49.9180,365899,0.0000,1.0000
2014-09-02,50.1100,51.1200,50.1100,50.8900,49.5867,282343,0.0000,1.0000
2014-08-29,51.0800,51.1800,50.4400,50.8900,49.5867,284923,0.0000,1.0000
2014-08-28,50.3400,51.2500,50.2000,50.7900,49.4893,436573,0.0000,1.0000
2014-08-27,49.9800,50.5000,49.6000,50.3800,49.0898,575917,0.0000,1.0000
2014-08-26,49.6100,49.9300,49.3800,49.8600,48.5831,302044,0.0000,1.0000
2014-08-25,48.7100,49.1100,48.4300,49.0000,47.7451,181782,0.0000,1.0000
2014-08-22,48.6500,48.7100,47.9600,48.2900,47.0533,374681,0.0000,1.0000
2014-08-21,49.9700,50.2100,48.6500,48.7000,47.4528,562701,0.0000,1.0000
2014-08-20,49.9900,50.2500,49.6700,49.8100,48.5344,280981,0.0000,1.0000
2014-08-19,49.3400,50.4700,49.2701,50.0700,48.7877,415455,0.0000,1.0000
2014-08-18,48.9800,49.4600,48.6500,49.4000,48.1349,142652,0.0000,1.0000
2014-08-15,48.8700,49.3200,48.1400,48.5900,47.3456,677592,0.0000,1.0000
2014-08-14,48.3400,48.6600,48.1700,48.5300,47.2872,296928,0.0000,1.0000
2014-08-13,48.8000,48.8700,47.3000,48.2300,46.9948,646018,0.0000,1.0000
2014-08-12,48.0200,48.3600,47.7300,48.0100,46.7805,374909,0.0000,1.0000
2014-08-11,48.1300,48.4100,47.8500,48.1700,46.9364,390589,0.0000,1.0000
2014-08-08,47.5200,47.7600,47.1200,47.7300,46.5076,434042,0.0000,1.0000
2014-08-07,49.2100,49.2100,47.4900,47.9200,46.6928,441206,0.0000,1.0000
2014-08-06,48.5600,49.0800,48.1900,48.9500,47.6964,297765,0.0000,1.0000
2014-08-05,48.7500,49.2700,48.3500,48.5100,47.2677,622830,0.0000,1.0000
2014-08-04,48.8300,49.5300,48.7700,49.2700,48.0082,496233,0.0554,1.0000
2014-08-01,47.7100,48.8000,47.7100,48.5468,47.2504,513792,0.0000,1.0000
2014-07-31,48.4100,48.6400,48.0600,48.2200,46.9323,392414,0.0000,1.0000
2014-07-30,49.5200,49.7500,48.9700,49.3100,47.9932,348019,0.0000,1.0000
2014-07-29,50.0900,50.4000,49.6400,49.8600,48.5285,299152,0.0000,1.0000
2014-07-28,49.7800,50.0700,49.4100,50.0200,48.6842,422953,0.0000,1.0000
2014-07-25,49.3100,50.3500,49.3100,50.2300,48.8886,820810,0.0000,1.0000
2014-07-24,48.5900,49.6000,48.5500,49.5700,48.2463,444709,0.0000,1.0000
2014-07-23,48.4600,48.7900,48.2000,48.4200,47.1270,356923,0.0000,1.0000
2014-07-22,48.8200,49.3500,48.7800,49.2000,47.8861,501919,0.0000,1.0000
2014-07-21,47.9100,48.9600,47.7400,48.9000,47.5941,645215,0.0000,1.0000
2014-07-18,47.0300,47.9900,46.9400,47.9400,46.6598,514407,0.0000,1.0000
2014-07-17,46.5000,46.7000,46.2000,46.3300,45.0928,916514,0.0000,1.0000
2014-07-16,47.3500,47.4900,46.5000,46.7500,45.5016,692645,0.0000,1.0000
2014-07-15,46.9200,47.1400,46.4800,47.1000,45.8422,909776,0.0000,1.0000
2014-07-14,47.5100,47.7600,46.2100,46.9400,45.6865,713455,0.0000,1.0000
2014-07-11,47.5300,47.8400,47.5200,47.6700,46.3970,813909,0.0000,1.0000
2014-07-10,47.5800,47.8600,47.1100,47.7500,46.4749,6399215,0.0000,1.0000
2014-07-09,47.2500,47.8100,47.1250,47.4000,46.1342,279015,0.0000,1.0000
2014-07-08,47.3100,47.3100,46.8800,47.0900,45.8325,308441,0.0000,1.0000
2014-07-07,47.4600,47.4700,46.6800,47.0700,45.8130,718458,0.0000,1.0000
2014-07-03,46.4100,47.0600,46.4100,47.0200,45.7644,843104,0.0000,1.0000
2014-07-02,46.3700,46.7500,46.1400,46.6600,45.4140,401976,0.0000,1.0000
2014-07-01,46.5000,47.4700,46.3700,46.4400,45.1998,612470,0.0000,1.0000
2014-06-30,46.8100,47.1100,46.2650,46.3300,45.0928,518342,0.0000,1.0000
2014-06-27,46.5900,47.1500,46.5900,46.9100,45.6573,261657,0.0000,1.0000
2014-06-26,47.1000,47.1000,46.4700,46.7000,45.4529,559571,0.0000,1.0000
2014-06-25,47.4900,47.7100,46.8100,47.0600,45.8033,682237,0.0000,1.0000
2014-06-24,46.9200,47.1750,46.7200,46.7200,45.4724,588724,0.0000,1.0000
2014-06-23,47.0300,47.1200,46.7400,46.9200,45.6670,351806,0.0000,1.0000
2014-06-20,47.2700,47.2700,46.6900,46.8100,45.5600,586068,0.0000,1.0000
2014-06-19,47.6700,47.9300,46.9200,47.1700,45.9103,203125,0.0000,1.0000
2014-06-18,47.1600,47.5100,46.3900,47.4400,46.1731,487247,0.0000,1.0000
2014-06-17,47.6500,47.8200,46.8000,46.9800,45.7254,521496,0.0000,1.0000
2014-06-16,48.1400,48.2300,47.8300,47.9100,46.6306,438904,0.0000,1.0000
2014-06-13,48.1900,48.3100,47.9000,48.0300,46.7474,399839,0.0000,1.0000
2014-06-12,48.3800,48.5000,48.1000,48.1900,46.9031,174163,0.0000,1.0000
2014-06-11,49.0700,49.3500,48.4300,48.4900,47.1951,403442,0.0000,1.0000
2014-06-10,47.5300,49.0100,47.5100,49.0000,47.6915,952189,0.0000,1.0000
2014-06-09,47.3600,47.7200,47.0000,47.5800,46.3094,845385,0.0000,1.0000
2014-06-06,46.7100,47.5200,46.6400,47.0400,45.7838,1127202,0.0000,1.0000
2014-06-05,45.1000,45.9000,45.0900,45.7600,44.5380,1391279,0.0000,1.0000
2014-06-04,44.8600,44.8900,44.0100,44.2600,43.0781,715779,0.0000,1.0000
2014-06-03,44.8800,45.2000,44.5700,44.9300,43.7302,285940,0.0000,1.0000
2014-06-02,45.2100,45.3500,44.7600,44.8700,43.6718,459125,0.0000,1.0000
2014-05-30,45.8000,45.8000,45.1900,45.3500,44.1389,465759,0.0000,1.0000
2014-05-29,46.1000,46.4400,45.9600,46.1200,44.8884,551430,0.0000,1.0000
2014-05-28,45.4300,46.1800,45.4250,46.1000,44.8689,1019869,0.0000,1.0000
2014-05-27,46.1300,46.3750,45.3600,45.4100,44.1973,610517,0.0000,1.0000
2014-05-23,45.7800,46.3700,45.7300,46.3700,45.1317,414019,0.0000,1.0000
2014-05-22,46.1700,46.2200,45.6000,45.8700,44.6451,429458,0.0000,1.0000
2014-05-21,45.7000,45.9800,45.6200,45.7800,44.5575,238172,0.0000,1.0000
2014-05-20,46.0600,46.5700,45.5035,45.6700,44.4504,479801,0.0000,1.0000
2014-05-19,45.9400,46.3100,45.5100,46.2200,44.9857,482837,0.0000,1.0000
2014-05-16,46.9500,47.0200,46.3400,46.4600,45.2193,302039,0.0000,1.0000
2014-05-15,46.8300,47.0300,46.4200,46.7200,45.4724,338915,0.0000,1.0000
2014-05-14,47.2100,47.3000,46.6900,47.0500,45.7936,325484,0.0000,1.0000
2014-05-13,47.4400,47.5400,47.1800,47.2700,46.0077,604131,0.0000,1.0000
2014-05-12,47.2300,47.5700,47.1950,47.5700,46.2997,599525,0.0000,1.0000
2014-05-09,47.0400,47.2400,46.8200,46.9700,45.7157,314092,0.0000,1.0000
2014-05-08,47.3300,47.6800,47.1000,47.2100,45.9493,664206,0.0000,1.0000
2014-05-07,46.9800,47.4100,46.7400,47.3800,46.1147,709778,0.0000,1.0000
2014-05-06,47.4300,47.7300,46.6000,47.0000,45.7449,599413,0.0550,1.0000
2014-05-05,47.9200,48.3600,47.8500,48.0300,46.6928,419691,0.0000,1.0000
2014-05-02,47.7300,48.8200,47.5600,48.4100,47.0622,603666,0.0000,1.0000
2014-05-01,47.6400,47.6400,47.2000,47.4900,46.1678,339036,0.0000,1.0000
2014-04-30,47.1200,47.7400,46.6800,47.5600,46.2359,479450,0.0000,1.0000
2014-04-29,47.6900,48.5500,47.1100,47.1400,45.8276,358579,0.0000,1.0000
2014-04-28,46.7100,47.6000,46.5000,47.5200,46.1970,511158,0.0000,1.0000
2014-04-25,47.4300,47.4500,46.6800,46.8100,45.5068,585895,0.0000,1.0000
2014-04-24,47.5900,47.8200,47.1000,47.7300,46.4011,462334,0.0000,1.0000
2014-04-23,47.8300,48.0000,46.9505,47.5700,46.2456,591309,0.0000,1.0000
2014-04-22,47.2200,48.4100,47.0200,47.7200,46.3914,778379,0.0000,1.0000
2014-04-21,47.7800,48.1000,47.2700,47.5200,46.1970,266023,0.2431,1.0000
2014-04-17,47.4600,48.2400,47.3400,48.1300,46.5518,183695,0.0000,1.0000
2014-04-16,47.1200,47.7500,46.9800,47.5600,46.0005,417064,0.0000,1.0000
2014-04-15,47.7200,47.8000,46.3900,46.7600,45.2268,859512,0.0000,1.0000
2014-04-14,47.8200,48.0600,47.3300,47.8800,46.3100,489481,0.0000,1.0000
2014-04-11,47.0500,48.1100,46.7000,47.5800,46.0199,746003,0.0000,1.0000
2014-04-10,47.7600,47.9300,47.3500,47.4600,45.9038,728608,0.0000,1.0000
2014-04-09,48.1900,48.3400,46.9800,47.8300,46.2617,696292,0.0000,1.0000
2014-04-08,49.6100,49.7700,48.2100,48.7400,47.1418,1634884,0.0000,1.0000
2014-04-07,47.0000,48.8200,46.9200,48.5200,46.9291,1312626,0.0000,1.0000
2014-04-04,46.2100,47.2800,46.0500,46.6700,45.1397,938033,0.0000,1.0000
2014-04-03,44.7800,44.9400,44.4000,44.7700,43.3020,502358,0.0000,1.0000
2014-04-02,44.0800,44.7300,43.8000,44.6000,43.1376,554052,0.0000,1.0000
2014-04-01,44.3200,44.4000,43.6300,43.9600,42.5186,535762,0.0000,1.0000
2014-03-31,43.7300,44.3700,43.7100,43.7600,42.3251,669805,0.0000,1.0000
2014-03-28,43.5200,45.1300,43.4600,43.7400,42.3058,697645,0.0000,1.0000
2014-03-27,42.1600,43.5100,42.0100,43.2400,41.8222,1002812,0.0000,1.0000
2014-03-26,42.2100,42.4100,41.5200,41.5200,40.1586,493360,0.0000,1.0000
2014-03-25,42.3000,42.4800,41.8000,42.0000,40.6228,443734,0.0000,1.0000
2014-03-24,42.0100,42.2000,41.4700,41.9700,40.5938,774311,0.0000,1.0000
2014-03-21,41.7400,42.3600,41.6000,41.7500,40.3810,894258,0.0000,1.0000
2014-03-20,41.2600,42.1400,40.9000,41.8700,40.4971,444837,0.0000,1.0000
2014-03-19,41.4800,41.8200,41.1800,41.2000,39.8491,634824,0.0000,1.0000
2014-03-18,40.3700,41.7700,40.3700,41.4800,40.1199,607550,0.0000,1.0000
2014-03-17,39.7500,40.6100,39.7500,40.3100,38.9883,554480,0.0000,1.0000
2014-03-14,39.6000,40.0900,39.4100,39.6800,38.3789,367683,0.0000,1.0000
2014-03-13,40.2700,40.3700,39.5200,39.9200,38.6110,525348,0.0000,1.0000
2014-03-12,40.3100,40.4800,39.6000,39.8500,38.5433,693145,0.0000,1.0000
2014-03-11,41.1200,41.2300,40.4300,40.4500,39.1237,330479,0.0000,1.0000
2014-03-10,41.5700,41.6700,40.7300,40.9100,39.5686,233842,0.0000,1.0000
2014-03-07,42.1700,42.4300,41.5700,41.7200,40.3520,390704,0.0000,1.0000
2014-03-06,42.4600,42.7800,42.0600,42.2400,40.8550,425184,0.0000,1.0000
2014-03-05,41.9700,42.5200,41.5000,41.7700,40.4004,423134,0.0000,1.0000
2014-03-04,42.3500,42.9500,41.8300,42.2800,40.8937,305976,0.0000,1.0000
2014-03-03,42.2100,42.2600,40.7500,41.1100,39.7620,358736,0.0000,1.0000
2014-02-28,42.4600,42.6000,42.0800,42.5300,41.1355,559278,0.0000,1.0000
2014-02-27,41.7800,42.8000,41.5800,42.6600,41.2612,456415,0.0000,1.0000
2014-02-26,41.3400,41.7800,41.1700,41.4400,40.0812,329115,0.0000,1.0000
2014-02-25,41.3100,41.7200,41.1400,41.2700,39.9168,354662,0.0000,1.0000
2014-02-24,41.6100,41.9400,41.2200,41.2200,39.8684,383536,0.0000,1.0000
2014-02-21,41.0700,41.6600,41.0000,41.5200,40.1586,456900,0.0000,1.0000
2014-02-20,40.3600,40.9900,39.9400,40.8300,39.4912,516249,0.0000,1.0000
2014-02-19,39.0000,40.2900,38.9500,40.2000,38.8819,410909,0.0000,1.0000
2014-02-18,40.3900,40.8900,39.5100,39.6300,38.3306,317685,0.0000,1.0000
2014-02-14,40.8700,41.2900,40.6300,41.2300,39.8781,486508,0.0000,1.0000
2014-02-13,38.9200,40.1000,38.8300,40.0600,38.7465,291609,0.0000,1.0000
2014-02-12,39.9100,40.1100,39.0400,39.0900,37.8083,327663,0.0000,1.0000
2014-02-11,38.8400,39.8100,38.6900,39.8100,38.5047,311726,0.0000,1.0000
2014-02-10,39.2300,39.4100,38.8000,39.0300,37.7502,403796,0.0000,1.0000
2014-02-07,39.4400,39.5900,39.1500,39.3200,38.0307,874952,0.0000,1.0000
2014-02-06,38.8100,39.3200,38.7400,39.2200,37.9340,986184,0.0000,1.0000
2014-02-05,38.6300,38.8200,38.1900,38.3800,37.1215,276464,0.0000,1.0000
2014-02-04,38.5300,38.9300,38.5000,38.7400,37.4697,478340,0.0000,1.0000
2014-02-03,38.6300,38.6600,37.9200,38.1300,36.8797,756476,0.0000,1.0000
2014-01-31,38.6300,38.9600,38.2100,38.2700,37.0152,776301,0.0000,1.0000
2014-01-30,38.6300,39.7900,38.6100,39.6400,38.3402,658870,0.0000,1.0000
2014-01-29,38.9700,39.0600,37.8300,38.0600,36.8120,761898,0.0000,1.0000
2014-01-28,39.7700,39.9900,39.3901,39.7400,38.4370,528884,0.0000,1.0000
2014-01-27,39.7200,39.9300,39.4200,39.5600,38.2629,474461,0.0000,1.0000
2014-01-24,40.2800,40.2850,39.4900,39.6500,38.3499,710348,0.0000,1.0000
2014-01-23,42.1500,42.1600,40.3400,40.8000,39.4622,775268,0.0000,1.0000
2014-01-22,40.7300,41.9200,40.6800,41.8600,40.4874,730114,0.0000,1.0000
2014-01-21,40.2200,40.4100,39.7000,40.1800,38.8625,506030,0.0000,1.0000
2014-01-17,41.1300,41.2470,40.6800,40.8200,39.4815,222184,0.0000,1.0000
2014-01-16,42.1500,42.1700,41.2900,41.4500,40.0909,282736,0.0000,1.0000
2014-01-15,41.8400,42.5300,41.6600,42.0500,40.6712,507792,0.0000,1.0000
2014-01-14,41.4400,42.0800,41.3900,41.8600,40.4874,303126,0.0000,1.0000
2014-01-13,41.7400,41.9300,41.1500,41.4100,40.0522,437064,0.0000,1.0000
2014-01-10,41.0600,41.4300,40.6400,41.2600,39.9071,389986,0.0000,1.0000
2014-01-09,40.9100,41.0300,40.3400,40.8700,39.5299,434842,0.0000,1.0000
2014-01-08,41.9700,42.2000,41.5000,41.7500,40.3810,532880,0.0000,1.0000
2014-01-07,42.9000,42.9000,41.9800,42.0600,40.6809,599127,0.0000,1.0000
2014-01-06,42.9800,43.0000,41.7200,41.7300,40.3617,512835,0.0000,1.0000
2014-01-03,43.5400,43.6300,42.4300,42.4900,41.0968,632969,0.0000,1.0000
2014-01-02,43.9500,44.0700,42.9700,43.1000,41.6868,247976,0.0000,1.0000
2013-12-31,44.5700,44.8700,44.2000,44.6700,43.2053,110583,0.0000,1.0000
2013-12-30,44.9100,45.3400,44.4700,44.6900,43.2246,946525,0.0000,1.0000
2013-12-27,44.4000,45.0700,44.3600,45.0400,43.5632,392922,0.0000,1.0000
2013-12-26,44.5800,44.7300,44.2100,44.2600,42.8087,1751336,0.0000,1.0000
2013-12-24,43.7500,44.2500,43.3950,43.7700,42.3348,143465,0.0000,1.0000
2013-12-23,44.5300,44.7100,44.2500,44.4600,43.0022,364613,0.0000,1.0000
2013-12-20,43.6800,44.0200,42.9300,43.7400,42.3058,325690,0.0000,1.0000
2013-12-19,44.1400,44.5400,43.7200,43.7900,42.3542,286727,0.0000,1.0000
2013-12-18,43.8800,45.0600,43.4700,44.4800,43.0215,411951,0.0000,1.0000
2013-12-17,44.2600,44.4100,43.9100,44.0900,42.6443,635767,0.0000,1.0000
2013-12-16,44.4000,44.8500,44.0900,44.0900,42.6443,611046,0.0000,1.0000
2013-12-13,44.4000,44.5000,43.5900,43.6700,42.2381,358653,0.0000,1.0000
2013-12-12,44.1900,44.5900,42.8825,43.6800,42.2478,768647,0.0000,1.0000
2013-12-11,44.1200,44.9000,44.0450,44.6900,43.2246,603621,0.0000,1.0000
2013-12-10,44.3500,44.9200,44.3500,44.7600,43.2923,319077,0.0000,1.0000
2013-12-09,44.0000,44.4800,44.0000,44.2900,42.8378,236316,0.0000,1.0000
2013-12-06,44.5900,44.9300,44.2700,44.4100,42.9538,318288,0.0000,1.0000
2013-12-05,43.6000,44.7200,43.4400,44.1700,42.7217,489349,0.0000,1.0000
2013-12-04,43.9500,44.5800,43.5600,43.8100,42.3735,600019,0.0000,1.0000
2013-12-03,44.9100,45.3200,44.1500,44.4900,43.0312,345671,0.0000,1.0000
2013-12-02,46.5600,47.0500,45.0300,45.1700,43.6889,563525,0.0000,1.0000
2013-11-29,47.1600,47.4300,46.8500,47.0800,45.5363,444038,0.0000,1.0000
2013-11-27,47.7200,48.0000,47.3000,47.9900,46.4164,937300,0.0000,1.0000
2013-11-26,47.7200,48.0900,47.5000,48.0800,46.5035,467656,0.0000,1.0000
2013-11-25,47.4600,47.8500,47.3100,47.5800,46.0199,226074,0.0000,1.0000
2013-11-22,47.6400,47.7000,47.3600,47.5700,46.0102,494873,0.0000,1.0000
2013-11-21,47.6800,47.8500,47.2200,47.5400,45.9812,375434,0.0000,1.0000
2013-11-20,47.8800,48.6300,47.7900,48.0000,46.4261,337270,0.0000,1.0000
2013-11-19,49.0000,49.1200,47.8200,47.9100,46.3391,283135,0.0000,1.0000
2013-11-18,49.7300,49.8000,48.7400,49.0000,47.3933,451333,0.0000,1.0000
2013-11-15,49.2500,50.1200,48.7000,49.6100,47.9833,437925,0.0000,1.0000
2013-11-14,47.4600,48.8500,47.3600,48.6600,47.0645,431019,0.0000,1.0000
2013-11-13,46.5300,47.5900,46.5200,47.4800,45.9232,488662,0.0000,1.0000
2013-11-12,46.6700,46.9000,46.2700,46.3700,44.8496,1342093,0.0000,1.0000
2013-11-11,47.3300,47.8300,46.8500,46.9400,45.4009,297936,0.0000,1.0000
2013-11-08,46.6800,48.0800,46.3600,47.8800,46.3100,389891,0.0000,1.0000
2013-11-07,48.7600,48.8400,47.3400,47.8600,46.2907,623429,0.0000,1.0000
2013-11-06,48.7000,49.0100,48.1600,48.9800,47.3740,429448,0.0000,1.0000
2013-11-05,48.0000,48.7900,47.7900,48.5500,46.9581,496309,0.0000,1.0000
2013-11-04,49.2600,49.6400,49.0500,49.2200,47.6061,264668,0.0000,1.0000
2013-11-01,49.1500,49.9800,48.7500,49.3200,47.7028,501015,0.0000,1.0000
2013-10-31,49.9700,50.5500,49.3900,50.4200,48.7668,656058,0.0000,1.0000
2013-10-30,49.5900,50.7700,49.4800,50.7300,49.0666,448224,0.0000,1.0000
2013-10-29,49.8200,49.9800,49.5000,49.8600,48.2251,345904,0.0000,1.0000
2013-10-28,49.5700,50.0000,49.4600,49.9200,48.2832,339751,0.0504,1.0000
2013-10-25,49.3500,49.5800,49.0200,49.4100,47.7417,246312,0.0000,1.0000
2013-10-24,49.2700,49.3900,48.7150,49.3300,47.6644,398810,0.0000,1.0000
2013-10-23,50.6100,50.6100,49.4600,49.8400,48.1572,377938,0.0000,1.0000
2013-10-22,50.5200,51.9900,50.4400,50.9300,49.2104,706328,0.0000,1.0000
2013-10-21,50.0600,50.6700,49.9800,50.6500,48.9398,264211,0.0000,1.0000
2013-10-18,50.5200,51.2300,49.8700,50.2100,48.5147,345372,0.0000,1.0000
2013-10-17,51.0800,51.2400,50.0150,50.4500,48.7466,606034,0.0000,1.0000
2013-10-16,50.5500,50.8500,49.8400,50.1500,48.4567,534030,0.0000,1.0000
2013-10-15,50.5500,50.7500,50.0000,50.3900,48.6886,646954,0.0000,1.0000
2013-10-14,50.0000,51.0000,49.9100,50.8400,49.1234,476603,0.0000,1.0000
2013-10-11,50.6500,51.0400,49.9300,50.3500,48.6499,549431,0.0000,1.0000
2013-10-10,49.1000,50.8000,49.0100,50.7300,49.0171,1335326,0.0000,1.0000
2013-10-09,47.6000,48.0400,47.3100,47.9500,46.3310,497156,0.0000,1.0000
2013-10-08,47.4300,47.7300,47.0200,47.5700,45.9638,318381,0.0000,1.0000
2013-10-07,46.8400,47.5500,46.8200,47.1200,45.5290,267337,0.0000,1.0000
2013-10-04,46.4000,47.4200,46.3500,47.1500,45.5580,311317,0.0000,1.0000
2013-10-03,46.4400,46.8700,46.3600,46.5500,44.9782,291440,0.0000,1.0000
2013-10-02,46.1900,46.7500,45.5200,46.6800,45.1039,587697,0.0000,1.0000
2013-10-01,46.1200,46.5900,45.9000,46.3500,44.7850,408134,0.0000,1.0000
2013-09-30,46.8400,46.9600,45.8000,46.0200,44.4661,822749,0.0000,1.0000
2013-09-27,46.3100,46.8800,46.1500,46.5800,45.0072,494058,0.0000,1.0000
2013-09-26,47.6300,47.7300,46.3700,46.6600,45.0845,441655,0.0000,1.0000
2013-09-25,47.6700,47.6900,46.8200,47.5000,45.8962,816431,0.0000,1.0000
2013-09-24,47.2300,48.1100,46.8200,47.8300,46.2150,588655,0.0000,1.0000
2013-09-23,47.5600,47.5600,46.3900,47.0800,45.4903,642233,0.0000,1.0000
2013-09-20,48.0700,48.1000,46.8100,46.8600,45.2778,285260,0.0000,1.0000
2013-09-19,47.9400,48.1500,46.9300,47.6800,46.0701,364614,0.0000,1.0000
2013-09-18,45.2900,48.3200,45.1900,48.0300,46.4083,682364,0.0000,1.0000
2013-09-17,45.3500,45.8200,44.7300,44.9700,43.4516,586455,0.0000,1.0000
2013-09-16,44.7800,45.2200,44.6700,44.9900,43.4709,828427,0.0000,1.0000
2013-09-13,43.5700,44.0000,43.3700,43.9800,42.4950,388630,0.0000,1.0000
2013-09-12,43.3700,43.6400,42.9800,43.5200,42.0505,585863,0.0000,1.0000
2013-09-11,43.5500,43.5500,42.7700,43.0700,41.6157,453917,0.0000,1.0000
2013-09-10,43.4200,43.9000,43.3500,43.8700,42.3887,547327,0.0000,1.0000
2013-09-09,42.8500,43.3700,42.5800,43.3200,41.8573,636480,0.0000,1.0000
2013-09-06,43.2000,43.4500,42.6000,43.2400,41.7800,518797,0.0000,1.0000
2013-09-05,41.0200,42.4400,40.9525,42.3100,40.8814,394087,0.0000,1.0000
2013-09-04,40.8900,41.1100,40.4800,40.7200,39.3451,443364,0.0000,1.0000
2013-09-03,41.2000,41.5100,40.9000,41.0400,39.6543,474148,0.0000,1.0000
2013-08-30,41.0600,41.3700,40.5200,41.0800,39.6929,536162,0.0000,1.0000
2013-08-29,40.1700,40.9900,40.0500,40.7900,39.4127,608511,0.0000,1.0000
2013-08-28,39.4900,40.5100,39.1000,40.3500,38.9876,720507,0.0000,1.0000
2013-08-27,38.8800,39.6200,38.8200,39.4100,38.0793,587774,0.0000,1.0000
2013-08-26,40.8300,40.8300,39.2100,39.3200,37.9924,282141,0.0000,1.0000
2013-08-23,39.5800,40.7500,39.4000,40.7000,39.3258,418354,0.0000,1.0000
2013-08-22,39.2100,39.4600,38.7000,38.9800,37.6638,531968,0.0000,1.0000
2013-08-21,39.0500,39.6100,38.7700,39.1300,37.8088,416935,0.0000,1.0000
2013-08-20,39.8500,40.3800,39.4800,39.6700,38.3305,370914,0.0000,1.0000
2013-08-19,40.6700,40.8600,39.6100,39.6800,38.3402,704185,0.0000,1.0000
2013-08-16,41.7200,41.9200,40.8600,40.9900,39.6060,537407,0.0000,1.0000
2013-08-15,42.0900,42.2600,41.4900,41.8800,40.4659,432765,0.0000,1.0000
2013-08-14,43.9200,44.3100,42.8200,42.9700,41.5191,598942,0.0000,1.0000
2013-08-13,43.7400,43.9606,43.3820,43.8900,42.4081,708646,0.0000,1.0000
2013-08-12,44.9300,45.0800,43.5500,43.8100,42.3308,415310,0.0000,1.0000
2013-08-09,43.7300,44.7600,43.3500,44.3900,42.8912,901782,0.0000,1.0000
2013-08-08,42.9900,43.4100,42.4900,43.0200,41.5674,443611,0.0000,1.0000
2013-08-07,42.5000,43.2800,42.4100,42.6100,41.1713,646179,0.0000,1.0000
2013-08-06,43.6200,43.6900,42.7800,42.9200,41.4708,967669,0.0000,1.0000
2013-08-05,43.8900,43.9200,43.3900,43.5300,42.0602,509861,0.0000,1.0000
2013-08-02,44.3600,44.7400,43.9000,44.1900,42.6979,591141,0.0000,1.0000
2013-08-01,44.8400,45.0800,43.8700,44.3000,42.8042,828356,0.0502,1.0000
2013-07-31,44.5800,45.0100,44.3300,44.6100,43.0549,955275,0.0000,1.0000
2013-07-30,45.4300,45.5300,44.8200,44.8700,43.3059,529073,0.0000,1.0000
2013-07-29,45.8800,45.9000,45.2100,45.4000,43.8174,2146201,0.0000,1.0000
2013-07-26,46.3000,46.3600,45.1600,45.7600,44.1649,3549176,0.0000,1.0000
2013-07-25,46.1600,46.5300,45.8000,46.3800,44.7632,1949377,0.0000,1.0000
2013-07-24,47.5900,47.6000,46.3600,46.6400,45.0142,492869,0.0000,1.0000
2013-07-23,46.8900,47.4100,46.8100,47.1400,45.4968,848350,0.0000,1.0000
2013-07-22,45.3600,46.7500,45.2900,46.6500,45.0238,460123,0.0000,1.0000
2013-07-19,45.8300,46.2100,45.6360,45.7900,44.1938,339063,0.0000,1.0000
2013-07-18,46.3800,46.9800,46.1200,46.1700,44.5606,281464,0.0000,1.0000
2013-07-17,46.5300,47.0700,46.4300,46.7200,45.0914,508593,0.0000,1.0000
2013-07-16,46.1600,46.3600,45.6800,46.1900,44.5799,583744,0.0000,1.0000
2013-07-15,44.7200,46.3300,44.5800,46.2700,44.6571,652471,0.0000,1.0000
2013-07-12,44.4300,44.8500,44.3500,44.8200,43.2576,1044133,0.0000,1.0000
2013-07-11,44.6400,44.8400,43.8100,44.8100,43.2480,438238,0.0000,1.0000
2013-07-10,43.2600,44.3000,43.2600,43.8600,42.3311,443631,0.0000,1.0000
2013-07-09,43.5000,43.6200,43.0400,43.1800,41.6748,137889,0.0000,1.0000
2013-07-08,42.7000,43.8100,42.7000,43.1600,41.6555,381648,0.0000,1.0000
2013-07-05,43.0000,43.1600,41.7300,42.6600,41.1729,555148,0.0000,1.0000
2013-07-03,42.4100,43.8020,41.8800,43.3700,41.8582,481787,0.0000,1.0000
2013-07-02,44.1700,44.7100,43.1000,43.6500,42.1284,783775,0.0000,1.0000
2013-07-01,45.2600,45.3550,44.2700,44.8500,43.2866,472966,0.0000,1.0000
2013-06-28,44.6100,45.9100,44.5200,45.4600,43.8753,709660,0.0000,1.0000
2013-06-27,45.4300,46.0400,45.2500,45.9100,44.3096,691363,0.0000,1.0000
2013-06-26,43.4700,45.5200,43.3900,45.2700,43.6919,1034697,0.0000,1.0000
2013-06-25,42.2300,43.5800,42.0000,43.2800,41.7713,474091,0.0000,1.0000
2013-06-24,42.0900,42.7600,41.3600,42.1100,40.6421,342322,0.0000,1.0000
2013-06-21,43.1000,43.1400,41.8700,42.8600,41.3660,524696,0.0000,1.0000
2013-06-20,43.4700,43.6100,42.3400,43.0300,41.5300,981664,0.0000,1.0000
2013-06-19,45.7600,46.5200,44.3700,44.4800,42.9295,457510,0.0000,1.0000
2013-06-18,46.4200,46.5100,45.4100,45.6700,44.0780,427804,0.0000,1.0000
2013-06-17,46.9700,47.1100,45.9700,46.3300,44.7150,323333,0.0000,1.0000
2013-06-14,47.2500,47.4500,46.6300,46.8700,45.2362,310175,0.0000,1.0000
2013-06-13,47.2800,47.8400,46.5400,46.9200,45.2844,406645,0.0000,1.0000
2013-06-12,48.5800,48.5800,46.8600,47.2000,45.5547,590594,0.0000,1.0000
2013-06-11,47.5900,48.5700,46.7400,48.0200,46.3461,439186,0.0000,1.0000
2013-06-10,49.4600,49.6000,48.5500,48.9900,47.2823,432658,0.0000,1.0000
2013-06-07,49.4800,50.6888,49.4600,49.7300,47.9965,455878,0.0000,1.0000
2013-06-06,48.7500,49.4700,48.4400,49.4500,47.7262,420976,0.0000,1.0000
2013-06-05,48.9200,49.0300,48.0000,48.7600,47.0603,455553,0.0000,1.0000
2013-06-04,49.1200,49.4300,48.4000,48.8600,47.1568,277399,0.0000,1.0000
2013-06-03,49.2000,49.5400,48.6800,49.1100,47.3981,493127,0.0000,1.0000
2013-05-31,50.6400,50.7300,48.9000,49.1600,47.4463,824845,0.0000,1.0000
2013-05-30,51.5900,52.0700,51.0120,51.5000,49.7048,515848,0.0000,1.0000
2013-05-29,53.0600,53.3400,51.4600,51.7000,49.8978,882119,0.0000,1.0000
2013-05-28,54.1500,54.7000,53.7800,53.8500,51.9729,404466,0.0000,1.0000
2013-05-24,54.1100,54.6300,52.4300,54.4000,52.5037,686534,0.0000,1.0000
2013-05-23,54.9800,54.9800,53.9600,54.5500,52.6485,698814,0.0000,1.0000
2013-05-22,56.9200,57.0200,55.3000,55.4400,53.5074,339574,0.0000,1.0000
2013-05-21,56.8700,56.9900,56.2600,56.8100,54.8297,385993,0.0000,1.0000
2013-05-20,55.8200,57.3000,55.8100,56.8300,54.8490,308822,0.0000,1.0000
2013-05-17,55.2500,55.8900,55.0800,55.5700,53.6329,357166,0.0000,1.0000
2013-05-16,56.3900,56.6700,54.9300,55.1400,53.2179,430641,0.0000,1.0000
2013-05-15,55.7700,56.7300,55.7700,56.7200,54.7428,355134,0.0000,1.0000
2013-05-14,54.6400,56.2700,54.5800,56.0800,54.1251,216201,0.0000,1.0000
2013-05-13,55.0100,55.2800,54.6400,55.0800,53.1600,207777,0.0000,1.0000
2013-05-10,55.7700,55.9300,54.8200,54.9100,52.9959,995845,0.0000,1.0000
2013-05-09,56.2800,56.8500,55.8700,56.0700,54.1155,423225,0.0000,1.0000
2013-05-08,56.1000,57.0500,56.0400,56.5400,54.5691,292015,0.0049,1.0000
2013-05-07,55.5700,56.6200,55.3900,56.3800,54.4099,274753,0.0000,1.0000
2013-05-06,55.8100,56.0000,55.0200,55.7200,53.7730,435202,0.0559,1.0000
2013-05-03,55.3700,56.2400,55.3700,55.8600,53.8541,248378,0.0000,1.0000
2013-05-02,55.4700,55.6600,54.4900,54.8000,52.8322,601657,0.0000,1.0000
2013-05-01,55.6000,55.6000,54.9200,55.0800,53.1021,227964,0.0000,1.0000
2013-04-30,54.5800,55.5600,53.5100,55.5600,53.5649,670132,0.0000,1.0000
2013-04-29,55.3300,55.6900,54.9200,55.2900,53.3046,416463,0.0000,1.0000
2013-04-26,55.1800,55.6600,54.0800,54.5300,52.5719,405853,0.0000,1.0000
2013-04-25,55.3300,55.7700,55.0400,55.2800,53.2949,356321,0.0000,1.0000
2013-04-24,56.7600,56.7700,55.2000,55.2800,53.2949,573372,0.0000,1.0000
2013-04-23,56.2100,57.3000,56.2100,56.6400,54.6061,494686,0.0000,1.0000
2013-04-22,55.3600,56.4300,55.2100,56.1700,54.1530,554948,0.0000,1.0000
2013-04-19,54.1300,55.0200,53.9900,54.9700,52.9961,483645,0.0000,1.0000
2013-04-18,53.2700,54.3700,52.8300,53.6500,51.7235,563417,0.2851,1.0000
2013-04-17,53.7100,54.0400,52.3500,53.2000,51.0185,740851,0.0000,1.0000
2013-04-16,53.3100,54.0700,53.2400,53.9900,51.7761,433020,0.0000,1.0000
2013-04-15,53.9900,54.4900,52.6100,52.6600,50.5006,633906,0.0000,1.0000
2013-04-12,55.2500,55.6100,54.4200,54.5800,52.3419,541284,0.0000,1.0000
2013-04-11,55.1800,55.6600,55.1100,55.4300,53.1570,1070786,0.0000,1.0000
2013-04-10,54.8300,55.4400,54.8300,55.2100,52.9461,413498,0.0000,1.0000
2013-04-09,53.8000,55.1400,53.3400,54.8800,52.6296,721921,0.0000,1.0000
2013-04-08,54.4200,54.9200,54.1700,54.8400,52.5912,332567,0.0000,1.0000
2013-04-05,53.1000,54.2700,52.3500,54.2300,52.0063,565193,0.0000,1.0000
2013-04-04,53.6500,54.5100,53.3400,53.5600,51.3637,570472,0.0000,1.0000
2013-04-03,53.8100,53.9400,53.1900,53.4800,51.2870,373517,0.0000,1.0000
2013-04-02,53.2900,53.9600,53.1300,53.8800,51.6706,413471,0.0000,1.0000
2013-04-01,53.0500,53.5000,52.9200,52.9800,50.8075,165183,0.0000,1.0000
2013-03-28,53.0500,53.5500,52.7900,53.2800,51.0952,597588,0.0000,1.0000
2013-03-27,52.3900,53.3400,52.2800,53.3400,51.1527,355084,0.0000,1.0000
2013-03-26,51.9400,52.6000,51.5900,52.5500,50.3951,529251,0.0000,1.0000
2013-03-25,52.0000,52.0100,51.2100,51.7500,49.6279,1078886,0.0000,1.0000
2013-03-22,52.5800,52.7600,51.7400,51.8300,49.7047,1133506,0.0000,1.0000
2013-03-21,54.0400,54.1200,53.0200,53.2000,51.0185,2392597,0.0000,1.0000
2013-03-20,53.7900,54.2200,53.4000,54.2100,51.9871,602203,0.0000,1.0000
2013-03-19,54.1300,54.3200,53.0100,53.4300,51.2391,636685,0.0000,1.0000
2013-03-18,53.5400,54.0400,53.1100,53.6200,51.4213,686423,0.0000,1.0000
2013-03-15,54.5750,54.7800,53.4600,53.6000,51.4021,1028582,0.0000,1.0000
2013-03-14,54.5500,55.4600,54.4600,55.3300,53.0611,590144,0.0000,1.0000
2013-03-13,53.9000,55.8000,53.8800,54.9700,52.7159,1186198,0.0000,1.0000
2013-03-12,53.6500,53.8400,53.2200,53.4500,51.2582,450524,0.0000,1.0000
2013-03-11,53.2800,54.1400,53.0200,53.8500,51.6418,554201,0.0000,1.0000
2013-03-08,51.8500,52.8700,51.7400,52.7400,50.5773,406129,0.0000,1.0000
2013-03-07,52.2300,52.5000,51.2900,51.7100,49.5896,813048,0.0000,1.0000
2013-03-06,52.2100,53.7000,52.1700,53.2400,51.0568,1546053,0.0000,1.0000
2013-03-05,52.3900,52.6000,52.1100,52.3900,50.2417,685854,0.0000,1.0000
2013-03-04,50.6600,51.6500,50.5600,51.3400,49.2348,545319,0.0000,1.0000
2013-03-01,50.4500,50.9500,50.0200,50.9200,48.8320,507104,0.0000,1.0000
2013-02-28,50.0400,50.8100,49.8400,50.6800,48.6018,761652,0.0000,1.0000
2013-02-27,49.4400,50.2000,49.2820,50.2000,48.1415,508931,0.0000,1.0000
2013-02-26,49.3600,49.6600,48.9300,49.2000,47.1825,474665,0.0000,1.0000
2013-02-25,50.1700,50.3300,49.2300,49.2800,47.2592,407158,0.0000,1.0000
2013-02-22,49.6600,49.6700,48.5600,49.1400,47.1250,434407,0.0000,1.0000
2013-02-21,50.4800,50.5700,49.2800,49.8400,47.7963,811319,0.0000,1.0000
2013-02-20,50.4600,51.1100,49.6800,50.4100,48.3429,1155844,0.0000,1.0000
2013-02-19,49.7100,50.5700,49.5600,50.3400,48.2758,621590,0.0000,1.0000
2013-02-15,48.6400,48.7800,48.3500,48.5300,46.5400,316909,0.0000,1.0000
2013-02-14,47.9800,48.9400,47.9600,48.3600,46.3770,171038,0.0000,1.0000
2013-02-13,48.1700,49.0000,48.1500,48.9500,46.9428,237879,0.0000,1.0000
2013-02-12,48.1200,48.3160,47.8400,48.1000,46.1276,188928,0.0000,1.0000
2013-02-11,48.4800,48.9900,48.2000,48.3900,46.4057,164554,0.0000,1.0000
2013-02-08,48.5300,48.6800,48.1100,48.2800,46.3002,299851,0.0000,1.0000
2013-02-07,48.4600,48.6100,47.5400,48.2800,46.3002,488299,0.0000,1.0000
2013-02-06,47.7100,47.8300,47.2900,47.4400,45.4947,210079,0.0000,1.0000
2013-02-05,48.2100,48.3800,47.7800,48.1300,46.1564,498647,0.0000,1.0000
2013-02-04,47.7400,47.8900,47.0200,47.5800,45.6289,466338,0.0000,1.0000
2013-02-01,47.7300,47.8500,47.4600,47.6900,45.7344,1199320,0.0000,1.0000
2013-01-31,46.6100,48.3100,46.5800,47.7400,45.7824,807612,0.0000,1.0000
2013-01-30,45.7100,46.1000,45.6300,45.8300,43.9507,395439,0.0000,1.0000
2013-01-29,45.5500,46.4000,45.1900,46.2500,44.3535,511455,0.0000,1.0000
2013-01-28,44.9000,45.1700,44.6400,44.7300,42.8958,350134,0.0000,1.0000
2013-01-25,44.8700,44.9800,44.1900,44.5900,42.7615,128914,0.0000,1.0000
2013-01-24,44.4200,44.7900,43.8100,44.5100,42.6848,497258,0.0000,1.0000
2013-01-23,44.5000,44.7500,44.3600,44.5000,42.6752,301280,0.0000,1.0000
2013-01-22,44.5200,44.7600,44.3600,44.7500,42.9150,235656,0.0000,1.0000
2013-01-18,44.6000,44.7600,44.4100,44.7600,42.9246,161612,0.0000,1.0000
2013-01-17,44.5500,44.8400,44.3800,44.6200,42.7903,212859,0.0000,1.0000
2013-01-16,44.3600,44.7900,44.2900,44.3900,42.5697,386795,0.0000,1.0000
2013-01-15,44.5400,44.7200,44.3100,44.5800,42.7520,215352,0.0000,1.0000
2013-01-14,44.2400,44.6500,43.8700,44.5600,42.7328,289431,0.0000,1.0000
2013-01-11,44.3400,44.4400,43.8400,44.0800,42.2725,1029998,0.0000,1.0000
2013-01-10,45.1000,46.2100,44.8200,45.2100,43.3561,437083,0.0000,1.0000
2013-01-09,44.9900,45.1200,44.6200,44.9500,43.1068,566002,0.0000,1.0000
2013-01-08,44.9200,44.9500,44.0500,44.6100,42.7807,395655,0.0000,1.0000
2013-01-07,45.2800,45.2900,44.7400,44.7700,42.9342,370964,0.0000,1.0000
2013-01-04,44.9700,45.7000,44.6800,45.6200,43.7493,506105,0.0000,1.0000
2013-01-03,44.0900,44.3150,44.0100,44.2600,42.4451,890664,0.0000,1.0000
2013-01-02,44.7200,44.7700,43.6600,43.9900,42.1862,482316,0.0000,1.0000
2012-12-31,44.7500,44.7500,44.1000,44.3900,42.5697,337342,0.0000,1.0000
2012-12-28,44.8600,45.3300,44.5900,44.7800,42.9438,274927,0.0000,1.0000
2012-12-27,45.3400,45.3900,44.7700,44.9600,43.1164,210300,0.0000,1.0000
2012-12-26,44.8100,45.4900,44.4200,44.4400,42.6177,453142,0.0000,1.0000
2012-12-24,44.1300,44.7200,44.1000,44.5900,42.7615,95847,0.0000,1.0000
2012-12-21,44.3900,44.4700,43.8300,43.9000,42.0998,587475,0.0000,1.0000
2012-12-20,45.0400,45.0400,44.3500,44.6600,42.8287,681941,0.0000,1.0000
2012-12-19,44.8600,45.0800,44.3900,44.4900,42.6656,585647,0.0000,1.0000
2012-12-18,45.0600,45.1700,44.5000,44.9600,43.1164,439817,0.0000,1.0000
2012-12-17,45.7800,46.0300,45.2100,45.9000,44.0178,529568,0.0000,1.0000
2012-12-14,45.9900,46.7200,45.9900,46.6000,44.6891,471865,0.0000,1.0000
2012-12-13,46.4800,46.9700,46.1700,46.5700,44.6604,456886,0.0000,1.0000
2012-12-12,45.6800,46.4800,45.6400,46.2000,44.3055,330260,0.0000,1.0000
2012-12-11,44.6500,45.6600,44.6500,45.3400,43.4808,405042,0.0000,1.0000
2012-12-10,44.4600,44.7102,44.2400,44.5700,42.7424,679125,0.0000,1.0000
2012-12-07,44.8300,45.0000,44.3000,44.4000,42.5793,309132,0.0000,1.0000
2012-12-06,44.6000,45.0300,44.5300,44.8200,42.9821,481562,0.0000,1.0000
2012-12-05,44.2100,44.5800,43.8800,44.3500,42.5314,503386,0.0000,1.0000
2012-12-04,44.3700,44.5600,43.5600,43.7800,41.9848,320083,0.0000,1.0000
2012-12-03,44.1700,44.3500,43.7900,43.9100,42.1094,381135,0.0000,1.0000
2012-11-30,44.3700,44.3700,43.1100,43.2800,41.5053,513066,0.0000,1.0000
2012-11-29,44.0000,45.0000,43.7600,44.6600,42.8287,517389,0.0000,1.0000
2012-11-28,44.2000,44.4500,43.8400,44.1000,42.2916,318704,0.0000,1.0000
2012-11-27,45.1300,45.3900,44.6000,44.8900,43.0492,219778,0.0000,1.0000
2012-11-26,44.6400,45.4600,44.4300,45.3400,43.4808,367766,0.0000,1.0000
2012-11-23,44.4100,44.7100,44.2100,44.6400,42.8095,189711,0.0000,1.0000
2012-11-21,44.4800,44.5400,44.1200,44.5200,42.6944,274747,0.0000,1.0000
2012-11-20,44.6000,45.3100,44.3900,45.2900,43.4328,120497,0.0000,1.0000
2012-11-19,44.6600,45.0800,44.5400,44.8500,43.0109,132985,0.0000,1.0000
2012-11-16,44.6000,44.7700,43.6400,43.9600,42.1574,395887,0.0000,1.0000
2012-11-15,44.0800,44.4500,43.6500,43.9000,42.0998,281272,0.0000,1.0000
2012-11-14,45.0400,45.1300,44.0100,44.1600,42.3492,594853,0.0000,1.0000
2012-11-13,44.8200,45.2800,44.8000,44.9100,43.0684,400443,0.0461,1.0000
2012-11-12,45.2500,45.4400,44.6900,44.8400,42.9572,246644,0.0000,1.0000
2012-11-09,44.7400,45.1400,44.6200,44.8500,42.9667,343492,0.0000,1.0000
2012-11-08,46.0200,46.0500,44.4700,44.7600,42.8805,537987,0.0000,1.0000
2012-11-07,46.0100,46.2400,45.4600,45.8300,43.9056,264586,0.0000,1.0000
2012-11-06,45.6700,45.9300,45.4500,45.5500,43.6373,295263,0.0000,1.0000
2012-11-05,45.1000,45.7800,44.8900,45.7200,43.8002,224422,0.0000,1.0000
2012-11-02,46.0900,46.5500,45.2000,45.2600,43.3595,269064,0.0000,1.0000
2012-11-01,46.5000,46.5600,45.7300,46.0700,44.1355,350333,0.0000,1.0000
2012-10-31,46.4900,46.8600,45.7100,46.7400,44.7774,298324,0.0000,1.0000
2012-10-26,45.3200,46.3700,45.1600,46.2500,44.3080,460244,0.0000,1.0000
2012-10-25,47.0200,47.3200,45.7500,46.4100,44.4612,495037,0.0000,1.0000
2012-10-24,48.4300,48.4300,47.5820,47.6300,45.6300,296448,0.0000,1.0000
2012-10-23,47.7400,48.2500,47.6700,47.9900,45.9749,529379,0.0000,1.0000
2012-10-22,47.6100,48.4500,47.5900,48.4500,46.4156,270897,0.0000,1.0000
2012-10-19,48.2900,48.4200,47.5500,47.6000,45.6013,331295,0.0000,1.0000
2012-10-18,47.5600,48.2500,47.3200,48.1700,46.1473,356889,0.0000,1.0000
2012-10-17,47.1400,48.0000,47.1293,47.7700,45.7641,447266,0.0000,1.0000
2012-10-16,47.0600,47.3000,46.4000,46.7800,44.8157,380086,0.0000,1.0000
2012-10-15,47.4300,47.7600,46.6600,47.1400,45.1606,345112,0.0000,1.0000
2012-10-12,47.1100,47.8600,47.1100,47.6500,45.6492,127398,0.0000,1.0000
2012-10-11,47.7200,47.8200,47.2800,47.4300,45.4384,767358,0.0000,1.0000
2012-10-10,47.4100,47.7400,47.1600,47.3400,45.3522,512390,0.0000,1.0000
2012-10-09,48.6100,48.6100,47.2400,47.3000,45.3139,353663,0.0000,1.0000
2012-10-08,46.9500,49.0600,46.7500,48.9400,46.8850,442797,0.0000,1.0000
2012-10-05,46.8900,47.2000,46.7300,46.8300,44.8636,216218,0.0000,1.0000
2012-10-04,46.2000,46.7200,46.1000,46.5800,44.6241,178957,0.0000,1.0000
2012-10-03,45.6000,46.7600,45.6000,46.1600,44.2217,785533,0.0000,1.0000
2012-10-02,46.1800,46.1800,45.1900,45.4400,43.5320,167120,0.0000,1.0000
2012-10-01,45.0500,45.8400,45.0500,45.6400,43.7236,257253,0.0000,1.0000
2012-09-28,44.2300,45.1700,44.0900,45.1100,43.2158,461250,0.0000,1.0000
2012-09-27,44.6100,44.6600,43.9300,44.6200,42.7464,138859,0.0000,1.0000
2012-09-26,43.9700,44.7200,43.6400,44.4700,42.6027,240168,0.0000,1.0000
2012-09-25,44.4500,45.2100,44.0200,44.0700,42.2195,287704,0.0000,1.0000
2012-09-24,43.9100,44.3100,43.8500,44.1600,42.3057,192344,0.0000,1.0000
2012-09-21,43.5200,44.1100,43.3700,43.9200,42.0758,499612,0.0000,1.0000
2012-09-20,43.1900,43.3100,42.9700,43.1700,41.3573,509657,0.0000,1.0000
2012-09-19,43.9700,43.9700,43.3800,43.6400,41.8075,207038,0.0000,1.0000
2012-09-18,44.1700,44.2600,43.6900,43.7700,41.9321,192751,0.0000,1.0000
2012-09-17,44.6200,44.7400,43.9600,44.1300,42.2770,256504,0.0000,1.0000
2012-09-14,44.8800,45.5100,44.6700,44.9500,43.0625,599015,0.0000,1.0000
2012-09-13,44.6200,45.0200,44.2600,44.6800,42.8039,388295,0.0000,1.0000
2012-09-12,44.1400,44.9200,44.0400,44.6500,42.7751,528655,0.0000,1.0000
2012-09-11,43.6500,43.9900,43.5400,43.9400,42.0950,353050,0.0000,1.0000
2012-09-10,43.8000,43.9100,43.3800,43.4700,41.6447,385837,0.0000,1.0000
2012-09-07,43.9400,44.3900,42.8300,43.3200,41.5010,167908,0.0000,1.0000
2012-09-06,42.6400,43.4900,42.5200,43.3200,41.5010,294677,0.0000,1.0000
2012-09-05,42.2900,42.3800,42.0800,42.2800,40.5047,457120,0.0000,1.0000
2012-09-04,42.3900,42.4200,41.9600,42.1200,40.3514,606210,0.0000,1.0000
2012-08-31,42.5800,42.9900,42.1100,42.8800,41.0795,329660,0.0000,1.0000
2012-08-30,42.0500,42.5900,42.0000,42.5100,40.7250,299726,0.0000,1.0000
2012-08-29,42.3600,42.3600,41.9700,42.1000,40.3322,564290,0.0000,1.0000
2012-08-28,42.8200,42.9000,42.3400,42.5300,40.7442,663668,0.0000,1.0000
2012-08-27,42.8500,43.0600,42.5600,42.6800,40.8879,613223,0.0000,1.0000
2012-08-24,42.9100,43.3000,42.7100,42.7900,40.9932,477957,0.0000,1.0000
2012-08-23,42.4100,43.2250,42.2600,43.1000,41.2902,817996,0.0000,1.0000
2012-08-22,41.7800,42.6800,41.5700,42.5800,40.7921,630420,0.0000,1.0000
2012-08-21,42.1700,42.2600,41.1200,41.4100,39.6712,208672,0.0000,1.0000
2012-08-20,42.0100,42.1500,41.4900,42.0200,40.2556,345612,0.0000,1.0000
2012-08-17,42.1400,42.2600,41.7600,42.0100,40.2460,225143,0.0000,1.0000
2012-08-16,41.6700,42.1900,41.3300,42.1100,40.3418,500972,0.0000,1.0000
2012-08-15,40.7700,40.9600,40.6500,40.8400,39.1251,303729,0.0000,1.0000
2012-08-14,41.5100,41.9450,40.8200,41.1000,39.3742,431859,0.0000,1.0000
2012-08-13,41.9000,41.9500,41.3000,41.4600,39.7191,296564,0.0000,1.0000
2012-08-10,41.6800,42.3100,41.4000,42.1900,40.4184,293133,0.0000,1.0000
2012-08-09,42.2900,42.5400,41.6300,41.8800,40.1215,212254,0.0000,1.0000
2012-08-08,42.0700,42.5000,41.8300,42.3700,40.5909,408258,0.0000,1.0000
2012-08-07,42.4400,42.6300,42.0600,42.2100,40.4376,333106,0.1023,1.0000
2012-08-06,42.4700,42.6000,42.2500,42.3100,40.4354,361250,0.0000,1.0000
2012-08-03,42.1200,42.5999,42.1100,42.4600,40.5788,447477,0.0000,1.0000
2012-08-02,40.7600,41.2700,40.4900,41.1500,39.3268,405629,0.0000,1.0000
2012-08-01,41.1400,41.4400,40.4600,41.2000,39.3746,227722,0.0000,1.0000
2012-07-31,41.2000,41.7900,40.3050,40.8900,39.0783,569044,0.0000,1.0000
2012-07-30,41.7900,41.8400,41.0800,41.5500,39.7091,299222,0.0000,1.0000
2012-07-27,40.7000,42.2200,40.5800,42.0900,40.2252,551554,0.0000,1.0000
2012-07-26,39.6200,40.3800,38.9500,40.2900,38.5049,343371,0.0000,1.0000
2012-07-25,38.7200,39.2000,38.3000,38.9800,37.2530,266120,0.0000,1.0000
2012-07-24,38.9300,38.9300,37.8200,38.2700,36.5744,323005,0.0000,1.0000
2012-07-23,38.0500,39.4200,37.6700,39.0000,37.2721,302910,0.0000,1.0000
2012-07-20,39.3700,39.5900,38.7500,39.0100,37.2816,326378,0.0000,1.0000
2012-07-19,39.8700,39.9700,39.2700,39.3700,37.6257,335691,0.0000,1.0000
2012-07-18,39.8800,40.1400,39.5300,39.6300,37.8742,307621,0.0000,1.0000
2012-07-17,39.1400,40.1800,38.8700,40.1100,38.3329,296139,0.0000,1.0000
2012-07-16,38.6000,39.3700,38.2500,39.0400,37.3103,291637,0.0000,1.0000
2012-07-13,38.3800,38.8500,38.1700,38.6600,36.9471,191482,0.0000,1.0000
2012-07-12,37.7200,38.3400,37.6400,38.0800,36.3928,278654,0.0000,1.0000
2012-07-11,38.9400,39.0969,38.0670,38.5300,36.8229,220974,0.0000,1.0000
2012-07-10,39.9300,40.1000,38.6500,38.7800,37.0618,329777,0.0000,1.0000
2012-07-09,39.7700,40.0370,39.2200,39.3400,37.5970,256833,0.0000,1.0000
2012-07-06,39.9600,40.0300,39.0800,39.4000,37.6544,597103,0.0000,1.0000
2012-07-05,40.5100,40.6100,39.9401,40.2200,38.4380,531076,0.0000,1.0000
2012-07-03,40.4400,40.7000,40.0600,40.6800,38.8776,425391,0.0000,1.0000
2012-07-02,40.3500,40.6800,40.0700,40.5000,38.7056,434188,0.0000,1.0000
2012-06-29,39.8500,40.1700,39.4700,39.9900,38.2182,580028,0.0000,1.0000
2012-06-28,37.8300,38.6600,37.6600,38.6400,36.9280,453337,0.0000,1.0000
2012-06-27,37.4000,38.2300,37.2700,38.0000,36.3164,595995,0.0000,1.0000
2012-06-26,36.5000,37.4500,36.3300,37.3000,35.6474,521879,0.0000,1.0000
2012-06-25,36.2700,36.6900,36.1900,36.6000,34.9784,382504,0.0000,1.0000
2012-06-22,37.1100,37.3500,36.4400,36.7600,35.1313,448524,0.0000,1.0000
2012-06-21,38.1500,38.1500,36.4500,36.5800,34.9593,421903,0.0000,1.0000
2012-06-20,38.6200,38.7400,37.9100,38.2200,36.5266,498326,0.0000,1.0000
2012-06-19,37.5000,38.4300,37.4600,38.4300,36.7273,495599,0.0000,1.0000
2012-06-18,37.2300,37.5700,37.0000,37.4500,35.7908,429899,0.0000,1.0000
2012-06-15,38.1400,38.3800,37.3100,37.7500,36.0775,542020,0.0000,1.0000
2012-06-14,37.3000,38.1600,37.1000,38.0600,36.3737,636525,0.0000,1.0000
2012-06-13,37.4100,37.7000,37.0000,37.2300,35.5805,685216,0.0000,1.0000
2012-06-12,36.9700,38.0100,36.9700,37.6300,35.9628,459991,0.0481,1.0000
2012-06-11,37.8600,37.9600,36.6100,36.7700,35.0960,462269,0.0000,1.0000
2012-06-08,37.4400,37.5400,36.9400,37.5200,35.8119,579799,0.0000,1.0000
2012-06-07,38.4600,39.0900,37.9600,38.2000,36.4609,367637,0.0000,1.0000
2012-06-06,38.1200,38.3700,37.6500,37.9900,36.2605,696621,0.0000,1.0000
2012-06-05,37.8200,38.3700,37.5900,37.9200,36.1937,564831,0.0000,1.0000
2012-06-04,37.9400,38.0600,37.3800,37.5600,35.8501,662431,0.0000,1.0000
2012-06-01,37.5800,38.1800,37.1600,37.9100,36.1841,1241505,0.0000,1.0000
2012-05-31,38.8100,38.8900,37.6900,38.3200,36.5755,1241872,0.0035,1.0000
2012-05-30,38.7400,39.2500,38.5900,39.0000,37.2211,1082914,0.0000,1.0000
2012-05-29,40.5200,40.6620,38.8000,39.5800,37.7747,774006,0.0000,1.0000
2012-05-25,39.1100,40.7100,39.0100,40.2900,38.4523,521653,0.0000,1.0000
2012-05-24,38.7900,39.0000,37.8300,38.7900,37.0207,593189,0.0000,1.0000
2012-05-23,39.5900,40.0500,37.7200,38.6000,36.8394,1286022,0.0000,1.0000
2012-05-22,40.4300,40.9150,39.8100,39.9500,38.1278,800341,0.0000,1.0000
2012-05-21,40.3100,41.3800,40.1500,40.9100,39.0440,861131,0.0000,1.0000
2012-05-18,40.6800,41.2200,39.7900,40.3700,38.5286,743094,0.0000,1.0000
2012-05-17,41.9800,42.0000,40.2000,40.2700,38.4332,418913,0.0000,1.0000
2012-05-16,42.2200,42.5800,41.3900,41.5500,39.6548,1365295,0.0000,1.0000
2012-05-15,42.1800,42.7000,41.3900,41.5400,39.6453,777711,0.0000,1.0000
2012-05-14,42.8200,43.0800,42.3100,42.4700,40.5329,576878,0.0000,1.0000
2012-05-11,44.2900,45.2000,44.1300,44.3200,42.2985,445090,0.0000,1.0000
2012-05-10,44.6000,44.9200,44.4300,44.7400,42.6993,230024,0.0000,1.0000
2012-05-09,43.8500,44.7000,43.4400,44.1900,42.1744,814390,0.0000,1.0000
2012-05-08,45.8600,45.8800,43.9000,44.6600,42.6230,632348,0.0000,1.0000
2012-05-07,46.2500,46.7300,45.9700,46.0900,43.9877,549843,0.0000,1.0000
2012-05-04,47.3100,47.9600,46.9200,47.0400,44.8944,363013,0.0000,1.0000
2012-05-03,47.7800,48.2000,46.4500,47.2800,45.1235,422701,0.0000,1.0000
2012-05-02,46.8700,47.7600,46.2600,47.6600,45.4861,327716,0.0000,1.0000
2012-05-01,46.7100,47.5500,46.7100,47.2700,45.1139,155334,0.1776,1.0000
2012-04-30,47.2300,47.5900,46.8600,47.0300,44.7169,282717,0.0000,1.0000
2012-04-27,45.9500,47.6400,45.7500,47.5300,45.1923,382110,0.0000,1.0000
2012-04-26,45.1600,45.7500,45.1600,45.5900,43.3477,758844,0.0000,1.0000
2012-04-25,46.5500,46.8100,45.0800,45.2400,43.0149,381680,0.0000,1.0000
2012-04-24,46.7000,46.7700,46.0600,46.3900,44.1084,968454,0.0000,1.0000
2012-04-23,47.5600,47.5600,46.5200,46.7000,44.4031,578836,0.0000,1.0000
2012-04-20,48.5000,49.1600,48.1600,48.3100,45.9339,939805,0.0000,1.0000
2012-04-19,48.2800,48.8600,47.6700,47.9300,45.5726,782696,0.0000,1.0000
2012-04-18,48.9800,48.9800,48.0500,48.1900,45.8198,811092,0.0000,1.0000
2012-04-17,49.2700,49.3600,48.7000,48.8900,46.4854,297490,0.0000,1.0000
2012-04-16,49.3900,49.4900,48.5700,48.7100,46.3143,360801,0.0000,1.0000
2012-04-13,49.5700,49.7000,48.4900,48.5200,46.1336,353028,0.0000,1.0000
2012-04-12,48.2400,49.7700,48.2400,49.6700,47.2270,410829,0.0000,1.0000
2012-04-11,47.2700,47.8000,47.0000,47.1400,44.8215,224423,0.0000,1.0000
2012-04-10,47.2800,47.4300,46.3400,46.8200,44.5172,286881,0.0000,1.0000
2012-04-09,47.1300,48.3000,47.1300,48.1400,45.7723,196719,0.0000,1.0000
2012-04-05,47.3000,48.0200,47.1400,47.8800,45.5251,178449,0.0000,1.0000
2012-04-04,48.0900,48.3300,46.7700,47.4300,45.0972,409028,0.0000,1.0000
2012-04-03,48.4600,48.7525,47.7800,48.0600,45.6962,366348,0.0000,1.0000
2012-04-02,48.1000,48.7000,47.8000,48.6400,46.2477,561490,0.0000,1.0000
2012-03-30,47.8300,48.1200,46.7900,47.6200,45.2779,350513,0.0000,1.0000
2012-03-29,47.6500,47.7700,47.2200,47.6300,45.2874,347503,0.0000,1.0000
2012-03-28,48.4800,48.5885,47.2900,47.7800,45.4300,336578,0.0000,1.0000
2012-03-27,48.4100,48.9400,48.2300,48.4600,46.0766,336469,0.0000,1.0000
2012-03-26,46.7700,48.6100,46.3500,48.1800,45.8103,886363,0.0000,1.0000
2012-03-23,46.6300,46.6300,45.7300,45.9900,43.7280,1138005,0.0000,1.0000
2012-03-22,46.5200,46.5500,45.9100,46.0000,43.7376,905087,0.0000,1.0000
2012-03-21,46.9700,47.2000,46.2400,46.7300,44.4316,262097,0.0000,1.0000
2012-03-20,46.6400,47.1000,46.6200,46.7300,44.4316,293904,0.0000,1.0000
2012-03-19,48.4500,48.4800,47.1500,47.2600,44.9356,490526,0.0000,1.0000
2012-03-16,47.8600,48.5300,47.4900,48.4900,46.1051,594523,0.0000,1.0000
2012-03-15,46.3600,47.4000,45.9800,47.4000,45.0687,496740,0.0000,1.0000
2012-03-14,46.9900,47.4000,46.4500,47.1700,44.8500,585162,0.0000,1.0000
2012-03-13,47.0300,47.4600,46.3600,47.3400,45.0116,661068,0.0000,1.0000
2012-03-12,47.8900,47.8900,46.8000,47.2000,44.8785,514547,0.0000,1.0000
2012-03-09,49.7100,49.9800,48.8400,48.8900,46.4854,590508,0.0000,1.0000
2012-03-08,47.0500,49.8800,46.4400,49.6400,47.1985,1157747,0.0000,1.0000
2012-03-07,45.5900,46.6100,45.3520,46.5400,44.2510,285707,0.0000,1.0000
2012-03-06,46.2500,46.6300,45.0000,46.1700,43.8992,472380,0.0000,1.0000
2012-03-05,46.8900,47.3800,46.3900,47.3300,45.0021,341707,0.0000,1.0000
2012-03-02,47.2300,47.3392,46.5100,47.0400,44.7264,422600,0.0000,1.0000
2012-03-01,46.9300,47.2600,46.8600,47.1900,44.8690,477107,0.0000,1.0000
2012-02-29,46.6700,46.8800,46.3200,46.7600,44.4602,577872,0.0000,1.0000
2012-02-28,46.5900,47.5000,46.4600,46.7400,44.4412,1084653,0.0000,1.0000
2012-02-27,45.8300,46.5700,45.6800,46.3300,44.0513,414271,0.0000,1.0000
2012-02-24,45.7900,46.5700,45.7800,46.1600,43.8897,717190,0.0000,1.0000
2012-02-23,46.8000,47.1900,46.4800,47.0000,44.6884,916297,0.0000,1.0000
2012-02-22,47.8500,47.9800,47.0400,47.4800,45.1448,635027,0.0000,1.0000
2012-02-21,47.1500,48.1300,46.5700,48.0400,45.6772,393669,0.0000,1.0000
2012-02-17,45.3000,47.1100,45.3000,46.9700,44.6598,883728,0.0000,1.0000
2012-02-16,43.7500,44.2900,43.7100,44.0700,41.9025,697827,0.0000,1.0000
2012-02-15,44.2700,44.3000,43.3600,43.6900,41.5412,415930,0.0000,1.0000
2012-02-14,43.2200,43.9500,43.0400,43.5600,41.4176,440652,0.0000,1.0000
2012-02-13,43.7300,43.7300,42.9600,43.3800,41.2464,189706,0.0000,1.0000
2012-02-10,42.7400,43.5200,42.6500,43.4900,41.3510,197236,0.0000,1.0000
2012-02-09,42.9500,43.5800,42.7900,43.1200,40.9992,343719,0.0000,1.0000
2012-02-08,43.2500,43.4800,42.6600,42.9100,40.7995,436330,0.0000,1.0000
2012-02-07,43.2800,43.3500,42.9200,43.2000,41.0753,412590,0.0000,1.0000
2012-02-06,43.4600,43.6800,42.9900,43.1500,41.0277,420851,0.0000,1.0000
2012-02-03,43.9000,44.0300,43.4900,43.6000,41.4556,539782,0.0000,1.0000
2012-02-02,43.8700,43.9500,43.3100,43.5200,41.3795,721347,0.0000,1.0000
2012-02-01,42.9600,43.8100,42.9300,43.4400,41.3035,722197,0.0000,1.0000
2012-01-31,42.0700,42.7400,41.7500,42.6100,40.5143,447569,0.0000,1.0000
2012-01-30,41.6100,41.7700,41.1000,41.6100,39.5635,350685,0.0000,1.0000
2012-01-27,42.5300,42.5600,41.8900,42.1400,40.0674,363345,0.0000,1.0000
2012-01-26,42.3800,42.8300,42.0100,42.1000,40.0294,335652,0.0000,1.0000
2012-01-25,41.9400,42.9900,41.5842,42.7700,40.6664,274511,0.0000,1.0000
2012-01-24,41.2900,41.8180,41.0500,41.7200,39.6681,227387,0.0000,1.0000
2012-01-23,40.8300,41.8000,40.6600,41.5600,39.5159,265931,0.0000,1.0000
2012-01-20,40.7700,41.4900,40.5700,41.4300,39.3923,187466,0.0000,1.0000
2012-01-19,39.7800,41.1500,39.7700,41.0100,38.9930,855878,0.0000,1.0000
2012-01-18,39.6900,40.1000,39.4900,39.5000,37.5572,583010,0.0000,1.0000
2012-01-17,39.9900,40.0000,39.5000,39.8700,37.9090,466231,0.0000,1.0000
2012-01-13,38.8200,39.6100,38.4200,39.4700,37.5287,531173,0.0000,1.0000
2012-01-12,38.7100,39.6400,38.7000,39.0800,37.1579,336800,0.0000,1.0000
2012-01-11,37.9500,38.6600,37.9300,38.5400,36.6445,380547,0.0000,1.0000
2012-01-10,37.9800,38.3400,37.8900,38.0500,36.1786,318787,0.0000,1.0000
2012-01-09,36.6400,37.7100,36.5700,37.4900,35.6461,312598,0.0000,1.0000
2012-01-06,36.3700,36.4500,35.9500,36.0300,34.2579,161957,0.0000,1.0000
2012-01-05,36.3700,36.4000,35.7700,36.1100,34.3340,300343,0.0000,1.0000
2012-01-04,36.5300,37.0900,35.6900,36.5200,34.7238,269498,0.0000,1.0000
2012-01-03,36.2900,36.9400,36.0800,36.5100,34.7143,267324,0.0000,1.0000
2011-12-30,35.8900,36.5800,35.8900,36.4300,34.6382,154043,0.0000,1.0000
2011-12-29,35.0000,36.0900,34.7900,35.9700,34.2009,183427,0.0000,1.0000
2011-12-28,35.7500,35.7867,34.7300,34.9400,33.2215,245242,0.0000,1.0000
2011-12-27,36.2700,36.4600,35.8200,35.9300,34.1628,67147,0.0000,1.0000
2011-12-23,36.2100,36.2100,35.5900,36.0800,34.3055,93421,0.0000,1.0000
2011-12-22,35.6100,36.4800,35.5000,36.0600,34.2864,223333,0.0000,1.0000
2011-12-21,36.0300,36.2100,35.0000,36.2100,34.4291,298155,0.0000,1.0000
2011-12-20,35.6800,36.7700,35.6600,36.5100,34.7143,310366,0.0000,1.0000
2011-12-19,35.8000,35.8000,34.8200,34.9000,33.1835,210878,0.0000,1.0000
2011-12-16,35.5000,36.1600,35.0900,35.6700,33.9156,688273,0.0000,1.0000
2011-12-15,36.4600,36.7700,34.4900,34.7200,33.0123,622977,0.0000,1.0000
2011-12-14,36.7700,36.8900,35.5500,35.6600,33.9061,369845,0.0000,1.0000
2011-12-13,36.9800,37.6600,36.7000,37.0300,35.2087,524764,0.0000,1.0000
2011-12-12,37.4500,37.5000,36.7900,37.4100,35.5700,413743,0.0000,1.0000
2011-12-09,36.2800,38.0400,36.1800,37.9600,36.0930,340767,0.0000,1.0000
2011-12-08,36.8200,36.9400,36.0600,36.1400,34.3625,420879,0.0000,1.0000
2011-12-07,37.4600,38.1100,37.4500,37.6000,35.7507,899721,0.0000,1.0000
2011-12-06,37.9000,38.0100,37.3100,37.4200,35.5795,827276,0.0000,1.0000
2011-12-05,38.2200,38.7000,37.7900,38.0500,36.1786,596602,0.0000,1.0000
2011-12-02,38.5400,38.6100,37.4500,37.6400,35.7887,432670,0.0000,1.0000
2011-12-01,37.3200,38.7100,37.3200,38.1900,36.3117,700153,0.0000,1.0000
2011-11-30,36.1300,36.9600,35.8100,36.5600,34.7618,610798,0.0000,1.0000
2011-11-29,34.7000,35.0000,33.8800,33.9600,32.2897,429954,0.0000,1.0000
2011-11-28,34.2500,34.6664,34.0700,34.3700,32.6796,306199,0.0000,1.0000
2011-11-25,32.9400,33.3800,32.9400,33.1900,31.5576,229484,0.0000,1.0000
2011-11-23,33.1100,33.1100,31.7700,32.1400,30.5592,488932,0.0000,1.0000
2011-11-22,33.4900,34.0200,32.5100,33.1800,31.5481,595721,0.0000,1.0000
2011-11-21,33.4500,33.7900,32.6500,33.3700,31.7287,512683,0.0000,1.0000
2011-11-18,35.0600,35.0600,33.9800,34.0800,32.4038,408817,0.0000,1.0000
2011-11-17,36.0500,36.2200,34.6800,34.8900,33.1740,230017,0.0000,1.0000
2011-11-16,36.0000,36.9100,35.7340,35.8100,34.0487,478929,0.0411,1.0000
2011-11-15,36.5300,36.6900,35.9000,36.3300,34.5035,320095,0.0000,1.0000
2011-11-14,36.9300,37.0900,36.2600,36.4900,34.6555,399625,0.0000,1.0000
2011-11-11,37.5000,37.7700,37.1600,37.3900,35.5102,348436,0.0000,1.0000
2011-11-10,37.6000,37.7000,36.4100,36.6700,34.8264,178759,0.0000,1.0000
2011-11-09,37.4700,38.0100,36.6500,36.8900,35.0354,767557,0.0000,1.0000
2011-11-08,38.0800,38.1300,37.2000,37.9200,36.0136,206245,0.0000,1.0000
2011-11-07,37.9700,38.7100,37.9600,38.5900,36.6499,212566,0.0000,1.0000
2011-11-04,38.0600,38.1200,37.0900,37.9700,36.0611,330037,0.0000,1.0000
2011-11-03,39.2700,39.2700,38.4300,38.7300,36.7829,476344,0.0000,1.0000
2011-11-02,38.7300,39.4800,38.5000,39.0200,37.0583,240748,0.0000,1.0000
2011-11-01,37.4900,37.9400,36.9200,37.6300,35.7382,575984,0.0000,1.0000
2011-10-31,40.5700,40.5700,39.1800,39.1900,37.2197,558382,0.0000,1.0000
2011-10-28,39.9100,41.3200,39.8200,41.0100,38.9482,375703,0.0000,1.0000
2011-10-27,39.5100,41.6000,38.6400,39.2800,37.3052,815304,0.0000,1.0000
2011-10-26,37.8900,38.5300,37.4100,38.3700,36.4410,404777,0.0000,1.0000
2011-10-25,38.4300,38.4300,37.1500,37.1800,35.3108,430824,0.0000,1.0000
2011-10-24,38.1000,39.5700,37.5901,38.8900,36.9348,256185,0.0000,1.0000
2011-10-21,37.7800,38.3100,37.2600,37.8800,35.9756,259152,0.0000,1.0000
2011-10-20,38.1100,38.3100,36.8100,37.3700,35.4912,632090,0.0000,1.0000
2011-10-19,37.5200,38.1900,36.8900,38.0800,36.1655,744927,0.0000,1.0000
2011-10-18,36.9100,37.7900,36.6000,37.5900,35.7002,761822,0.0000,1.0000
2011-10-17,37.3800,37.5000,36.3200,36.8700,35.0164,1038590,0.0000,1.0000
2011-10-14,37.8600,38.0300,37.3600,37.8600,35.9566,1063440,0.0000,1.0000
2011-10-13,37.4900,37.4900,36.8800,37.3800,35.5007,1240140,0.0000,1.0000
2011-10-12,36.1900,38.6300,36.1900,38.1900,36.2700,1022485,0.0000,1.0000
2011-10-11,35.5000,36.2000,35.1100,36.0100,34.1996,941222,0.0000,1.0000
2011-10-10,34.6800,35.7900,34.6800,35.6600,33.8672,1304608,0.0000,1.0000
2011-10-07,34.1700,34.8400,33.4300,33.9800,32.2717,924062,0.0000,1.0000
2011-10-06,31.7700,33.7100,31.7000,33.7100,32.0152,1870231,0.0000,1.0000
2011-10-05,31.3000,31.3500,30.5600,31.2900,29.7169,487667,0.0000,1.0000
2011-10-04,30.1600,31.4000,30.1100,31.3100,29.7359,1256633,0.0000,1.0000
2011-10-03,30.4300,31.2800,30.0300,30.6800,29.1376,1091457,0.0000,1.0000
2011-09-30,31.3300,31.3700,30.4100,30.7800,29.2325,753211,0.0000,1.0000
2011-09-29,33.0800,33.1900,31.5100,31.8400,30.2393,410307,0.0000,1.0000
2011-09-28,33.4300,33.9500,32.3500,32.4200,30.7901,301797,0.0000,1.0000
2011-09-27,33.9300,34.3700,33.2500,33.4000,31.7208,299354,0.0000,1.0000
2011-09-26,32.2300,33.0400,31.5500,32.9200,31.2650,481664,0.0000,1.0000
2011-09-23,31.7200,32.1800,31.5200,32.0800,30.4672,420982,0.0000,1.0000
2011-09-22,31.9100,32.2100,30.7900,31.3800,29.8024,958958,0.0000,1.0000
2011-09-21,35.0800,35.3400,33.7900,33.7900,32.0912,403713,0.0000,1.0000
2011-09-20,36.0400,36.1200,35.1400,35.1700,33.4018,418228,0.0000,1.0000
2011-09-19,36.2400,36.2700,35.1600,36.0300,34.2186,620925,0.0000,1.0000
2011-09-16,38.1100,38.5100,37.3200,37.4100,35.5292,372255,0.0000,1.0000
2011-09-15,38.7900,38.9000,37.8500,38.1800,36.2605,477194,0.0000,1.0000
2011-09-14,37.9000,38.4600,36.7700,38.0800,36.1655,399411,0.0000,1.0000
2011-09-13,38.1200,38.5800,37.7400,37.9600,36.0516,593223,0.0000,1.0000
2011-09-12,38.5100,39.0600,37.3400,38.0600,36.1465,870450,0.0000,1.0000
2011-09-09,38.5800,39.1200,38.0500,38.4200,36.4884,570829,0.0000,1.0000
2011-09-08,40.7000,41.5100,39.1700,39.6400,37.6471,745203,0.0000,1.0000
2011-09-07,40.0500,41.7500,39.7400,41.6100,39.5181,468324,0.0000,1.0000
2011-09-06,37.4000,39.6900,36.8300,39.6000,37.6091,960067,0.0000,1.0000
2011-09-02,40.5500,41.2200,39.3750,39.9300,37.9225,819000,0.0000,1.0000
2011-09-01,42.4700,42.8050,41.3300,41.5600,39.4706,920514,0.0000,1.0000
2011-08-31,40.5200,41.6100,40.4800,41.4600,39.3756,995824,0.0000,1.0000
2011-08-30,38.8700,40.3700,38.8000,40.3100,38.2834,1248306,0.0000,1.0000
2011-08-29,37.8000,39.0400,37.6800,39.0000,37.0393,646049,0.0000,1.0000
2011-08-26,37.2600,37.9500,36.8400,37.4900,35.6052,196259,0.0000,1.0000
2011-08-25,37.6700,37.9500,37.0600,37.4300,35.5482,840097,0.0000,1.0000
2011-08-24,37.4000,37.9500,37.1400,37.5300,35.6432,623763,0.0000,1.0000
2011-08-23,37.5000,37.6600,37.0300,37.6100,35.7192,695299,0.0000,1.0000
2011-08-22,38.0600,38.1000,37.2300,37.4300,35.5482,680977,0.0000,1.0000
2011-08-19,38.2200,38.5700,37.3100,37.3700,35.4912,423166,0.0000,1.0000
2011-08-18,37.1900,38.2500,37.0700,38.2000,36.2795,825052,0.0000,1.0000
2011-08-17,37.4600,38.6700,37.2500,38.5500,36.6119,433973,0.0000,1.0000
2011-08-16,36.7400,37.2600,36.2600,36.9900,35.1303,310026,0.0000,1.0000
2011-08-15,36.4000,37.1300,36.3300,36.9200,35.0639,352009,0.0000,1.0000
2011-08-12,35.8200,36.0600,34.9800,35.7500,33.9527,603378,0.0000,1.0000
2011-08-11,35.1200,37.3200,34.7800,35.5700,33.7817,1019791,0.0000,1.0000
2011-08-10,34.8900,35.9700,34.3200,34.4300,32.6990,379901,0.0000,1.0000
2011-08-09,35.1900,36.1400,33.9500,35.9100,34.1046,738109,0.0000,1.0000
2011-08-08,37.8300,37.8300,34.8200,35.0400,33.2784,783497,0.0000,1.0000
2011-08-05,39.2800,40.0400,38.4300,38.9900,37.0298,1179772,0.0000,1.0000
2011-08-04,40.5900,40.9700,37.6200,39.0000,37.0393,1853263,0.0000,1.0000
2011-08-03,41.9500,42.0200,41.1800,41.6700,39.5750,427323,0.0482,1.0000
2011-08-02,42.7800,42.9600,42.0600,42.3500,40.1744,1104318,0.0000,1.0000
2011-08-01,43.5100,43.6430,42.7100,42.9200,40.7151,764016,0.0000,1.0000
2011-07-29,41.5600,44.2200,41.4200,43.1900,40.9712,1562116,0.0000,1.0000
2011-07-28,41.6500,42.1200,41.3400,41.5200,39.3870,249344,0.0000,1.0000
2011-07-27,42.8800,42.8800,41.3900,41.6500,39.5103,347253,0.0000,1.0000
2011-07-26,43.8200,44.0648,42.8600,42.9100,40.7056,153098,0.0000,1.0000
2011-07-25,43.2100,43.8700,43.1300,43.4900,41.2558,181185,0.0000,1.0000
2011-07-22,43.6000,43.9100,43.0700,43.4100,41.1799,341830,0.0000,1.0000
2011-07-21,43.0700,43.4400,42.9100,43.0000,40.7910,700419,0.0000,1.0000
2011-07-20,42.2100,42.6300,42.0800,42.5100,40.3262,139372,0.0000,1.0000
2011-07-19,42.6000,42.7600,42.0900,42.1300,39.9657,545627,0.0000,1.0000
2011-07-18,43.1200,43.2000,42.3300,42.4900,40.3072,480452,0.0000,1.0000
2011-07-15,43.6600,43.9300,43.1800,43.3700,41.1420,463456,0.0000,1.0000
2011-07-14,42.6600,43.4600,42.2900,43.0500,40.8384,767729,0.0000,1.0000
2011-07-13,42.0000,42.8500,42.0000,42.7300,40.5349,1292281,0.0000,1.0000
2011-07-12,42.5100,42.6500,41.9300,42.0300,39.8708,1029731,0.0000,1.0000
2011-07-11,43.6200,43.9200,42.5400,42.7000,40.5064,626916,0.0000,1.0000
2011-07-08,44.9300,45.2500,44.1200,44.2700,41.9957,481022,0.0000,1.0000
2011-07-07,45.6200,46.0600,44.5500,44.7100,42.4131,656369,0.0000,1.0000
2011-07-06,45.5900,45.8100,44.7700,44.9100,42.6029,1002377,0.0000,1.0000
2011-07-05,46.2800,46.5100,45.4200,46.0000,43.6369,988433,0.0000,1.0000
2011-07-01,47.1400,48.6200,46.7200,47.3900,44.9555,1203070,0.0000,1.0000
2011-06-30,45.8100,47.4700,45.7910,46.9500,44.5381,1998060,0.0000,1.0000
2011-06-29,47.6600,54.0900,46.0500,46.2000,43.8266,17800653,0.0000,1.0000
2011-06-28,41.9300,48.5000,41.9000,48.0000,45.5341,4671406,0.0000,1.0000
2011-06-27,41.5400,41.5500,40.9400,41.4100,39.2827,279337,0.0000,1.0000
2011-06-24,42.0500,42.2400,41.5000,41.6100,39.4724,203614,0.0000,1.0000
2011-06-23,41.8500,42.3200,41.2500,42.0000,39.8424,179192,0.0000,1.0000
2011-06-22,42.0900,42.5000,42.0600,42.3800,40.2028,375701,0.0000,1.0000
2011-06-21,42.0200,42.1400,41.7600,42.0200,39.8613,318711,0.0000,1.0000
2011-06-20,41.8650,42.5500,41.6400,42.1100,39.9467,281526,0.0000,1.0000
2011-06-17,42.0700,42.5300,41.5000,42.2500,40.0795,539576,0.0000,1.0000
2011-06-16,42.1900,43.0700,40.8500,41.6100,39.4724,855466,0.0000,1.0000
2011-06-15,41.9700,42.7800,41.7800,42.6000,40.4115,621718,0.0000,1.0000
2011-06-14,42.0500,42.5100,41.9550,42.2400,40.0700,641331,0.0000,1.0000
2011-06-13,42.4900,42.4900,41.5100,41.7500,39.6052,529537,0.0000,1.0000
2011-06-10,42.4900,42.7600,42.2700,42.6200,40.4305,1235906,0.0000,1.0000
2011-06-09,42.4900,42.9200,42.4100,42.9100,40.7056,806618,0.0000,1.0000
2011-06-08,42.4200,42.7500,42.2800,42.6600,40.4684,1904473,0.0000,1.0000
2011-06-07,42.2800,43.4100,42.1500,42.4200,40.2408,734279,0.0000,1.0000
2011-06-06,42.1600,42.9000,42.1400,42.6200,40.4305,1330591,0.0000,1.0000
2011-06-03,41.8800,43.0400,41.6800,42.6700,40.4779,1144249,0.0000,1.0000
2011-06-02,39.6500,43.0700,39.6100,42.5900,40.4020,5599940,0.0000,1.0000
2011-06-01,39.5200,39.7100,38.3400,39.6100,37.5751,1699204,0.0000,1.0000
2011-05-31,40.7700,40.8900,40.2200,40.6100,38.5238,883381,0.0000,1.0000
2011-05-27,41.2100,42.0600,41.1700,41.7700,39.6242,456659,0.0000,1.0000
2011-05-26,40.6700,41.1300,40.6000,41.0700,38.9601,445646,0.0000,1.0000
2011-05-25,40.9600,41.0200,40.2900,40.5000,38.4194,559802,0.0000,1.0000
2011-05-24,41.3700,41.4000,40.6200,40.9900,38.8842,576531,0.0000,1.0000
2011-05-23,41.1000,41.6500,40.8400,41.1900,39.0740,525617,0.0000,1.0000
2011-05-20,41.6200,41.7600,41.2200,41.4500,39.3206,920461,0.0488,1.0000
2011-05-19,41.7500,41.9200,41.0800,41.4000,39.2270,638249,0.0000,1.0000
2011-05-18,42.2600,42.7300,41.5100,41.7000,39.5112,507014,0.0000,1.0000
2011-05-17,42.5000,42.5200,41.4600,42.0600,39.8523,1569664,0.0000,1.0000
2011-05-16,43.2100,43.4300,42.3000,42.4100,40.1840,769144,0.0000,1.0000
2011-05-13,44.1800,44.4600,43.0800,43.1500,40.8851,799164,0.0000,1.0000
2011-05-12,44.7400,45.0600,44.5400,44.8100,42.4580,367134,0.0000,1.0000
2011-05-11,44.6700,45.1800,44.4500,44.7200,42.3727,278675,0.0000,1.0000
2011-05-10,45.0500,45.7600,44.9400,45.6200,43.2255,413522,0.0000,1.0000
2011-05-09,45.1600,45.5300,44.6100,44.7500,42.4011,357262,0.0000,1.0000
2011-05-06,45.6900,45.9200,44.8900,45.3900,43.0075,628169,0.0000,1.0000
2011-05-05,45.4400,45.4500,44.4500,44.6700,42.3253,747516,0.0000,1.0000
2011-05-04,45.2800,46.2700,45.1500,46.0000,43.5855,3356618,0.0000,1.0000
2011-05-03,45.3000,45.6300,45.0200,45.3200,42.9412,739465,0.0000,1.0000
2011-05-02,45.8100,46.1091,45.5400,46.0200,43.6045,938629,0.0000,1.0000
2011-04-29,44.2500,45.5200,44.1700,45.4600,43.0739,1201629,0.0000,1.0000
2011-04-28,43.2500,44.1700,42.9800,44.1100,41.7947,1577059,0.0097,1.0000
2011-04-27,44.2600,44.2600,43.4200,43.8800,41.5677,953355,0.0000,1.0000
2011-04-26,44.0200,44.2000,43.7300,44.0100,41.6908,714133,0.0000,1.0000
2011-04-25,44.0600,44.0900,43.6900,43.8000,41.4919,422171,0.0000,1.0000
2011-04-21,44.1800,44.5100,44.0000,44.5100,42.1645,271037,0.0000,1.0000
2011-04-20,43.3000,44.2000,43.2900,44.1100,41.7856,568633,0.0000,1.0000
2011-04-19,42.7200,43.2000,42.6800,43.2000,40.9235,264291,0.0000,1.0000
2011-04-18,42.0700,42.5600,41.6500,42.5100,40.2699,391744,0.0000,1.0000
2011-04-15,42.4200,42.6200,42.1600,42.6200,40.3741,269761,0.0000,1.0000
2011-04-14,41.8100,42.5900,41.7900,42.4000,40.1657,606159,0.0000,1.0000
2011-04-13,42.0700,42.2200,41.6600,41.8300,39.6257,434505,0.0000,1.0000
2011-04-12,42.1700,42.3300,41.5100,41.8100,39.6068,510565,0.0000,1.0000
2011-04-11,42.8800,42.8800,42.1300,42.5300,40.2888,560249,0.0000,1.0000
2011-04-08,42.7500,43.1200,42.5200,42.7500,40.4972,363824,0.0000,1.0000
2011-04-07,42.1500,43.4000,42.1500,43.1700,40.8951,469767,0.0000,1.0000
2011-04-06,43.4100,43.4900,41.8800,41.9600,39.7489,547561,0.0000,1.0000
2011-04-05,43.3600,43.9400,42.8700,43.1200,40.8477,636862,0.0000,1.0000
2011-04-04,43.3200,43.8000,43.2100,43.4900,41.1982,358263,0.0000,1.0000
2011-04-01,43.0200,44.3600,42.8100,43.1200,40.8477,856800,0.2618,1.0000
2011-03-31,40.8800,41.9500,40.8300,41.9300,39.4808,879136,0.0000,1.0000
2011-03-30,40.2200,40.8100,40.1600,40.7400,38.3603,306402,0.0000,1.0000
2011-03-29,39.4100,40.3300,39.3100,39.8300,37.5035,294679,0.0000,1.0000
2011-03-28,39.4000,39.7200,39.1100,39.3500,37.0515,338167,0.0000,1.0000
2011-03-25,39.2000,39.6800,39.0700,39.5800,37.2681,428833,0.0000,1.0000
2011-03-24,39.6000,39.6000,38.8500,39.0000,36.7219,737088,0.0000,1.0000
2011-03-23,40.1400,40.1700,39.4500,39.5300,37.2210,300412,0.0000,1.0000
2011-03-22,40.0000,40.3200,39.8100,40.2200,37.8707,271685,0.0000,1.0000
2011-03-21,40.8600,40.9100,39.7900,39.9900,37.6541,351624,0.0000,1.0000
2011-03-18,39.9900,40.6900,39.9300,40.1600,37.8142,490842,0.0000,1.0000
2011-03-17,39.5500,39.6500,39.1400,39.5200,37.2116,602034,0.0000,1.0000
2011-03-16,39.0800,40.0900,38.6100,39.0100,36.7314,418823,0.0000,1.0000
2011-03-15,38.6200,39.5100,38.5700,39.2200,36.9291,339499,0.0000,1.0000
2011-03-14,38.8200,39.7700,38.6000,39.7400,37.4187,520107,0.0000,1.0000
2011-03-11,38.4600,39.0000,38.3500,38.7800,36.5148,572170,0.0000,1.0000
2011-03-10,38.3500,39.0700,38.2900,38.6400,36.3830,662034,0.0000,1.0000
2011-03-09,38.4500,38.9300,38.0200,38.9300,36.6560,394795,0.0000,1.0000
2011-03-08,38.2800,38.6800,38.0000,38.3300,36.0911,216919,0.0000,1.0000
2011-03-07,39.1600,39.3300,38.0400,38.3100,36.0722,188777,0.0000,1.0000
2011-03-04,39.0900,39.2400,38.4600,39.2200,36.9291,396061,0.0000,1.0000
2011-03-03,38.0200,39.0100,37.9300,38.9300,36.6560,705187,0.0000,1.0000
2011-03-02,37.2100,38.0300,37.0900,37.9100,35.6956,554748,0.0000,1.0000
2011-03-01,37.5500,37.7900,37.0200,37.1300,34.9612,307976,0.0000,1.0000
2011-02-28,37.5100,38.0100,37.2800,37.7100,35.5073,358017,0.0000,1.0000
2011-02-25,37.3500,37.6600,37.2300,37.5200,35.3284,260802,0.0000,1.0000
2011-02-24,37.5500,37.8200,37.2500,37.3400,35.1589,331863,0.0000,1.0000
2011-02-23,36.7400,37.2500,36.0900,36.7200,34.5751,442342,0.0000,1.0000
2011-02-22,37.2300,37.7000,36.4600,36.8000,34.6504,576845,0.0000,1.0000
2011-02-18,37.3900,38.1000,37.2900,38.0600,35.8368,355683,0.0000,1.0000
2011-02-17,37.0700,37.3700,36.8800,37.0100,34.8482,777332,0.0000,1.0000
2011-02-16,36.9400,37.2600,36.7100,37.1100,34.9423,707951,0.0000,1.0000
2011-02-15,37.1300,37.5400,36.8000,36.9200,34.7634,345165,0.0000,1.0000
2011-02-14,37.4900,37.5600,36.8130,36.9900,34.8293,541469,0.0000,1.0000
2011-02-11,36.8200,37.9300,36.6300,37.5400,35.3472,686839,0.0000,1.0000
2011-02-10,35.9500,36.6000,35.8400,36.5000,34.3680,539223,0.0000,1.0000
2011-02-09,36.5700,36.7500,35.9700,35.9900,33.8878,898689,0.0000,1.0000
2011-02-08,36.7450,37.1250,36.5200,36.9700,34.8105,594922,0.0000,1.0000
2011-02-07,36.2700,36.5500,35.8900,36.1700,34.0572,366880,0.0000,1.0000
2011-02-04,36.1300,36.8600,36.0800,36.5700,34.4339,1108497,0.0000,1.0000
2011-02-03,36.3000,36.6700,35.7000,36.2600,34.1420,756780,0.0000,1.0000
2011-02-02,37.6500,37.9200,36.9400,37.1600,34.9894,788959,0.0000,1.0000
2011-02-01,38.0600,38.1900,37.4600,37.5700,35.3755,603403,0.0000,1.0000
2011-01-31,37.9600,38.3600,37.9300,38.1600,35.9310,1565789,0.0000,1.0000
2011-01-28,37.9300,38.4000,36.9600,37.1200,34.9518,1660374,0.0000,1.0000
2011-01-27,39.5800,39.6800,37.6600,37.8200,35.6109,1046892,0.0000,1.0000
2011-01-26,40.1200,40.2300,39.6600,39.6600,37.3434,1241280,0.0000,1.0000
2011-01-25,41.5100,41.5100,40.4700,40.6500,38.2756,563951,0.0000,1.0000
2011-01-24,40.2800,40.9500,40.0000,40.9400,38.5486,381822,0.0000,1.0000
2011-01-21,40.6700,41.0000,40.0000,40.1000,37.7577,514290,0.0000,1.0000
2011-01-20,40.3700,40.5200,40.0200,40.4400,38.0778,481580,0.0000,1.0000
2011-01-19,40.9200,40.9300,40.2800,40.3700,38.0119,491233,0.0000,1.0000
2011-01-18,41.0300,41.2400,40.9000,41.2100,38.8028,648687,0.0000,1.0000
2011-01-14,40.6800,40.8900,40.2700,40.4000,38.0402,455525,0.0000,1.0000
2011-01-13,42.0400,42.0400,41.0000,41.0600,38.6616,392631,0.0000,1.0000
2011-01-12,41.5800,42.2200,41.5800,42.0000,39.5467,1073544,0.0000,1.0000
2011-01-11,40.9000,41.7300,40.8700,41.6800,39.2454,559212,0.0000,1.0000
2011-01-10,40.0800,40.3900,39.9400,40.3000,37.9460,265145,0.0000,1.0000
2011-01-07,41.1000,41.1400,39.9100,40.3800,38.0213,323326,0.0000,1.0000
2011-01-06,41.9700,41.9800,40.9600,41.0700,38.6710,312320,0.0000,1.0000
2011-01-05,42.2800,42.6800,42.0000,42.4300,39.9516,332317,0.0000,1.0000
2011-01-04,43.0900,43.1700,41.6900,42.4900,40.0081,548763,0.0000,1.0000
2011-01-03,42.9000,43.4700,42.8900,43.4000,40.8649,561324,0.0000,1.0000
2010-12-31,42.2600,42.3900,41.9400,41.9800,39.5279,244459,0.0000,1.0000
2010-12-30,41.8200,42.3189,41.8200,42.2600,39.7915,261354,0.0000,1.0000
2010-12-29,40.9500,41.9600,40.9500,41.9100,39.4620,239432,0.0000,1.0000
2010-12-28,41.1700,41.3300,40.4200,40.4300,38.0684,109254,0.0000,1.0000
2010-12-27,40.6900,40.9600,40.3600,40.8300,38.4450,208280,0.0000,1.0000
2010-12-23,40.7400,40.8900,40.3900,40.8500,38.4639,137744,0.0000,1.0000
2010-12-22,40.9100,41.0500,40.4900,40.7500,38.3697,498295,0.0000,1.0000
2010-12-21,41.4000,41.9200,41.3800,41.7800,39.3396,278602,0.0000,1.0000
2010-12-20,40.7300,41.0800,40.1000,40.9200,38.5298,304354,0.0000,1.0000
2010-12-17,40.6400,40.9400,40.4400,40.6000,38.2285,481184,0.0000,1.0000
2010-12-16,40.5600,41.1900,40.4800,41.1200,38.7181,403371,0.0000,1.0000
2010-12-15,40.5900,41.2100,40.2500,40.3400,37.9837,668668,0.0000,1.0000
2010-12-14,39.7700,41.0100,39.6450,40.8100,38.4262,799797,0.0000,1.0000
2010-12-13,39.5400,40.1600,39.4800,39.9600,37.6259,328832,0.0000,1.0000
2010-12-10,39.7900,39.9200,39.2900,39.5700,37.2586,564725,0.0000,1.0000
2010-12-09,40.7800,40.7900,39.8700,40.0100,37.6729,571283,0.0000,1.0000
2010-12-08,41.3800,41.5100,40.4000,40.5900,38.2191,450355,0.0000,1.0000
2010-12-07,42.2000,42.2700,41.5600,41.8400,39.3960,443363,0.0000,1.0000
2010-12-06,41.4900,41.6200,41.2300,41.4600,39.0382,511668,0.0000,1.0000
2010-12-03,41.7800,41.8400,41.4600,41.7700,39.3301,901191,0.0000,1.0000
2010-12-02,41.4000,42.0000,41.2800,41.9400,39.4902,696820,0.0000,1.0000
2010-12-01,42.3400,42.3700,41.4300,41.6500,39.2171,1278020,0.0000,1.0000
2010-11-30,40.9300,42.2400,40.7700,42.0700,39.6126,1140633,0.0000,1.0000
2010-11-29,40.6600,41.1000,40.0800,40.8600,38.4733,847382,0.0000,1.0000
2010-11-26,40.7200,41.3800,40.6400,41.0100,38.6145,447784,0.0000,1.0000
2010-11-24,40.2800,40.9800,40.2100,40.9800,38.5863,783495,0.0000,1.0000
2010-11-23,40.7300,40.7400,39.2300,39.6100,37.2963,1377324,0.0000,1.0000
2010-11-22,41.2500,42.0300,41.2500,41.7100,39.2736,1358048,0.0000,1.0000
2010-11-19,40.5800,41.4600,40.5800,41.2200,38.8123,391887,0.0000,1.0000
2010-11-18,40.1500,41.0600,39.9300,40.6900,38.3132,499024,0.0408,1.0000
2010-11-17,38.6100,38.6100,38.6100,38.6100,36.3183,527500,0.0000,1.0000
2010-11-16,38.8100,38.8900,37.9100,38.6100,36.3183,639501,0.0000,1.0000
2010-11-15,39.4300,39.6600,39.1700,39.3400,37.0050,232701,0.0000,1.0000
2010-11-12,39.7700,40.2400,39.1200,39.2600,36.9297,579308,0.0000,1.0000
2010-11-11,39.8000,40.1650,39.5300,39.7700,37.4094,702350,0.0000,1.0000
2010-11-10,39.1700,39.9000,38.6600,39.6300,37.2777,727930,0.0000,1.0000
2010-11-09,40.5200,40.5700,39.3200,39.5500,37.2025,863481,0.0000,1.0000
2010-11-08,40.5200,40.9100,40.3600,40.6400,38.2278,352712,0.0000,1.0000
2010-11-05,40.7400,41.1500,40.5700,40.9500,38.5194,499310,0.0000,1.0000
2010-11-04,39.9900,40.7300,39.5100,40.7000,38.2842,918380,0.0000,1.0000
2010-11-03,39.9600,40.0100,38.8200,39.4900,37.1461,383990,0.0000,1.0000
2010-11-02,39.3700,39.8500,39.0500,39.6100,37.2589,344809,0.0000,1.0000
2010-11-01,39.5100,39.7200,39.0500,39.4500,37.1084,672759,0.0000,1.0000
2010-10-29,37.9100,39.6900,37.8600,39.6100,37.2589,885179,0.0000,1.0000
2010-10-28,36.8400,37.7890,36.8300,37.5200,35.2930,738903,0.0000,1.0000
2010-10-27,36.8200,36.9800,36.3700,36.7200,34.5405,796647,0.0000,1.0000
2010-10-26,36.7200,37.0800,36.5400,36.8100,34.6251,778735,0.0000,1.0000
2010-10-25,36.6800,37.2200,36.3300,37.0900,34.8885,614690,0.0000,1.0000
2010-10-22,37.2000,37.2000,36.2100,36.3100,34.1548,1154215,0.0000,1.0000
2010-10-21,36.8600,37.6100,36.4800,37.1600,34.9544,823292,0.0000,1.0000
2010-10-20,37.1100,37.6000,36.9300,37.1400,34.9355,543110,0.0000,1.0000
2010-10-19,36.8900,37.5900,36.7001,37.2600,35.0484,811740,0.0000,1.0000
2010-10-18,37.6300,37.9900,37.5200,37.6100,35.3776,807600,0.0000,2.0000
2010-10-15,77.3200,77.4400,75.9300,76.3900,35.9279,296972,0.0000,1.0000
2010-10-14,77.7600,78.1800,76.1100,76.8500,36.1443,451091,0.0000,1.0000
2010-10-13,75.4600,78.0400,75.4600,77.6900,36.5393,726351,0.0000,1.0000
2010-10-12,74.5600,75.7500,73.9800,75.5900,35.5517,338983,0.0000,1.0000
2010-10-11,73.7900,74.8100,73.7900,74.6600,35.1143,443468,0.0000,1.0000
2010-10-08,71.5300,73.5900,71.3700,73.4000,34.5217,645973,0.0000,1.0000
2010-10-07,71.9300,71.9800,70.9100,71.5300,33.6422,584347,0.0000,1.0000
2010-10-06,72.4000,73.0700,71.3000,71.5800,33.6657,828112,0.0000,1.0000
2010-10-05,71.0800,73.2700,70.9600,72.6900,34.1877,613183,0.0000,1.0000
2010-10-04,70.7000,71.0600,70.3600,70.8600,33.3270,381216,0.0000,1.0000
2010-10-01,69.8700,71.0700,69.6100,71.0500,33.4164,517992,0.0000,1.0000
2010-09-30,68.1800,69.2400,67.6400,69.0200,32.4616,686684,0.0000,1.0000
2010-09-29,67.2100,67.3900,67.0500,67.2300,31.6198,644387,0.0000,1.0000
2010-09-28,67.2100,67.4800,66.8600,67.2400,31.6245,407943,0.0000,1.0000
2010-09-27,68.0600,68.0600,66.8500,66.8700,31.4505,704556,0.0000,1.0000
2010-09-24,68.3700,68.4800,67.2000,67.2300,31.6198,451314,0.0000,1.0000
2010-09-23,68.3200,68.7100,67.7500,68.2500,32.0995,780659,0.0000,1.0000
2010-09-22,69.5600,69.6500,67.9100,68.4000,32.1700,577855,0.0000,1.0000
2010-09-21,68.6700,69.1700,68.2900,68.4400,32.1889,415855,0.0000,1.0000
2010-09-20,68.6100,69.3500,68.3700,69.1300,32.5134,156022,0.0000,1.0000
2010-09-17,69.3800,69.4300,67.6600,68.2900,32.1183,413782,0.0000,1.0000
2010-09-16,70.0100,70.0500,69.0100,69.7200,32.7909,173118,0.0000,1.0000
2010-09-15,69.5300,70.5200,69.1000,70.0200,32.9320,309690,0.0000,1.0000
2010-09-14,68.8100,69.1700,67.7500,68.6900,32.3064,526686,0.0000,1.0000
2010-09-13,69.9300,70.3100,68.1600,68.6100,32.2688,353798,0.0000,1.0000
2010-09-10,71.3500,71.3800,68.6500,69.0800,32.4899,476238,0.0000,1.0000
2010-09-09,73.0200,73.1500,71.3900,71.8500,33.7927,457465,0.0000,1.0000
2010-09-08,71.4500,71.6300,70.4000,70.4500,33.1342,267902,0.0000,1.0000
2010-09-07,70.3500,71.4000,69.7000,69.8100,32.8332,180353,0.0000,1.0000
2010-09-03,73.1000,73.2300,71.4700,71.7900,33.7644,1034183,0.0000,1.0000
2010-09-02,71.9500,72.4800,70.6400,72.0200,33.8726,493620,0.0000,1.0000
2010-09-01,71.5400,72.5800,71.1600,72.5800,34.1360,515187,0.0000,1.0000
2010-08-31,69.3100,70.9600,69.3100,70.4200,33.1201,314305,0.0000,1.0000
2010-08-30,70.4000,70.5350,68.4400,68.5500,32.2406,763866,0.0000,1.0000
2010-08-27,69.5000,71.1200,69.1400,70.9900,33.3882,405823,0.0000,1.0000
2010-08-26,67.6700,68.6000,67.2200,68.1500,32.0525,328015,0.0000,1.0000
2010-08-25,67.6200,68.2800,66.6200,67.9000,31.9349,461291,0.0000,1.0000
2010-08-24,66.8900,68.4100,66.8400,68.3300,32.1371,443992,0.0000,1.0000
2010-08-23,67.3800,67.8700,66.9800,67.4100,31.7044,352791,0.0000,1.0000
2010-08-20,66.3000,67.4900,65.8400,67.4400,31.7185,628721,0.0000,1.0000
2010-08-19,67.2000,67.2400,65.8100,66.4500,31.2529,381632,0.0000,1.0000
2010-08-18,68.3600,68.4600,66.8700,67.1400,31.5774,427538,0.0000,1.0000
2010-08-17,68.2800,68.5100,67.7800,68.1400,32.0478,248728,0.0000,1.0000
2010-08-16,66.2700,67.8900,66.0700,67.8800,31.9255,367357,0.0000,1.0000
2010-08-13,65.8800,67.5600,65.7900,66.7100,31.3752,634865,0.0000,1.0000
2010-08-12,64.0000,65.8300,63.8825,65.7200,30.9096,284544,0.0000,1.0000
2010-08-11,64.4600,64.8500,64.0800,64.3700,30.2746,394759,0.0000,1.0000
2010-08-10,64.6000,65.6600,64.3200,65.3600,30.7403,355466,0.0000,1.0000
2010-08-09,65.6400,65.8700,65.2200,65.3600,30.7403,345859,0.0000,1.0000
2010-08-06,64.6700,65.5500,64.3500,65.0100,30.5757,498894,0.0000,1.0000
2010-08-05,65.0700,65.1000,64.3200,64.5600,30.3640,582198,0.0000,1.0000
2010-08-04,66.6200,66.6200,63.0300,64.0000,30.1006,1321727,0.0812,1.0000
2010-08-03,66.6700,67.1100,66.2500,66.5000,31.2368,790512,0.0000,1.0000
2010-08-02,67.5400,67.7000,66.3400,66.8900,31.4200,810832,0.0000,1.0000
2010-07-30,67.1000,67.2800,64.7200,65.0600,30.5604,1389847,0.0000,1.0000
2010-07-29,69.0900,69.3200,65.3600,66.4700,31.2227,713456,0.0000,1.0000
2010-07-28,70.0700,71.1200,68.3400,68.7100,32.2749,522591,0.0000,1.0000
2010-07-27,72.7100,73.1100,72.2500,72.9000,34.2431,343773,0.0000,1.0000
2010-07-26,71.9200,72.1900,71.4100,72.0100,33.8250,385990,0.0000,1.0000
2010-07-23,71.7900,72.6100,71.2500,72.6100,34.1068,348430,0.0000,1.0000
2010-07-22,71.2400,72.2600,71.1500,72.0600,33.8485,350675,0.0000,1.0000
2010-07-21,71.6400,71.7600,70.1000,70.3400,33.0406,337899,0.0000,1.0000
2010-07-20,70.2800,71.6700,70.0700,71.3900,33.5338,261645,0.0000,1.0000
2010-07-19,71.2300,71.8200,70.2500,70.2900,33.0171,282517,0.0000,1.0000
2010-07-16,72.8600,72.9100,71.1600,71.4700,33.5714,380973,0.0000,1.0000
2010-07-15,73.8000,73.8000,72.2100,72.9300,34.2572,294242,0.0000,1.0000
2010-07-14,72.6600,74.1700,72.2400,74.1000,34.8067,349493,0.0000,1.0000
2010-07-13,72.4700,73.0900,72.0500,72.7300,34.1632,265812,0.0000,1.0000
2010-07-12,72.3400,72.4300,71.0500,71.9000,33.7733,273740,0.0000,1.0000
2010-07-09,71.7900,72.8700,71.7700,72.6600,34.1303,316264,0.0000,1.0000
2010-07-08,72.9500,72.9500,70.9408,71.7900,33.7217,459123,0.0000,1.0000
2010-07-07,72.5500,73.3200,72.3719,72.8700,34.2290,280806,0.0000,1.0000
2010-07-06,72.7600,73.3100,71.9900,72.5700,34.0881,356706,0.0000,1.0000
2010-07-02,72.3700,72.6700,71.3400,71.7200,33.6888,358358,0.0000,1.0000
2010-07-01,69.3400,71.5100,68.0900,71.5100,33.5901,311105,0.0000,1.0000
2010-06-30,70.0300,70.7300,69.5100,69.5200,32.6554,219108,0.0000,1.0000
2010-06-29,68.8400,70.2500,68.5100,69.7700,32.7728,362494,0.0000,1.0000
2010-06-28,70.6100,71.0100,70.2700,70.4000,33.0688,326562,0.0000,1.0000
2010-06-25,69.7700,71.3700,69.3000,71.0400,33.3694,190414,0.0000,1.0000
2010-06-24,69.4800,69.7400,68.6100,68.8800,32.3548,312854,0.0000,1.0000
2010-06-23,69.1300,70.2100,68.0600,69.6900,32.7352,319071,0.0000,1.0000
2010-06-22,69.3100,70.2700,69.0500,69.4900,32.6413,246064,0.0000,1.0000
2010-06-21,70.0600,70.0600,68.1300,68.5000,32.1763,185803,0.0000,1.0000
2010-06-18,68.8300,69.2100,68.3400,68.4800,32.1669,176228,0.0000,1.0000
2010-06-17,68.3500,68.7700,66.9510,68.4800,32.1669,257913,0.0000,1.0000
2010-06-16,66.8100,68.8100,66.6000,67.7200,31.8099,400232,0.0000,1.0000
2010-06-15,66.1800,68.6000,65.6400,68.3700,32.1152,258493,0.0000,1.0000
2010-06-14,65.4300,65.4900,64.5500,64.9900,30.5275,180104,0.0000,1.0000
2010-06-11,64.1200,65.3000,64.0000,65.0400,30.5510,226969,0.0000,1.0000
2010-06-10,63.0000,65.3000,62.9800,65.2100,30.6309,264130,0.0000,1.0000
2010-06-09,62.7700,62.9200,61.4400,61.8000,29.0291,235707,0.0000,1.0000
2010-06-08,61.5900,61.7248,60.1500,61.4400,28.8600,183239,0.0000,1.0000
2010-06-07,62.0000,62.5000,60.5000,60.5900,28.4607,144833,0.0000,1.0000
2010-06-04,62.7900,63.6000,61.1300,61.3900,28.8365,282232,0.0000,1.0000
2010-06-03,63.1700,64.3800,62.4300,63.6000,29.8746,207477,0.0035,1.0000
2010-06-02,62.5000,63.8000,62.3300,63.8000,29.9669,286360,0.0000,1.0000
2010-06-01,63.4000,64.4700,60.3300,62.5300,29.3704,482395,0.0000,1.0000
2010-05-28,61.5300,63.3700,60.9500,62.5100,29.3610,331472,0.0000,1.0000
2010-05-27,60.6500,62.0500,60.2500,61.9800,29.1120,285659,0.0000,1.0000
2010-05-26,59.8900,60.9800,58.0000,58.3000,27.3836,483426,0.0000,1.0000
2010-05-25,57.3300,58.6700,56.8700,58.6700,27.5573,360449,0.0000,1.0000
2010-05-24,59.4200,59.8400,58.8100,58.9600,27.6936,371343,0.0000,1.0000
2010-05-21,57.7800,60.7700,57.7800,59.9000,28.1351,534522,0.0000,1.0000
2010-05-20,60.3100,60.6200,58.0700,58.9100,27.6701,505133,0.0000,1.0000
2010-05-19,62.2700,62.9400,60.3500,62.1300,29.1825,317937,0.0000,1.0000
2010-05-18,65.6300,65.6300,62.1100,62.9000,29.5442,341449,0.0866,1.0000
2010-05-17,65.3400,65.3400,62.0000,64.3600,30.1884,310380,0.0000,1.0000
2010-05-14,65.3600,65.5399,63.3600,64.6700,30.3338,270413,0.0000,1.0000
2010-05-13,68.1000,68.1000,66.1800,66.3900,31.1405,441023,0.0000,1.0000
2010-05-12,69.7600,70.4200,67.5401,68.4000,32.0833,268301,0.0000,1.0000
2010-05-11,67.2200,69.0400,67.2200,68.1200,31.9520,591750,0.0000,1.0000
2010-05-10,68.1100,68.5100,66.7100,68.1800,31.9802,589919,0.0000,1.0000
2010-05-07,64.3900,65.4500,61.4200,62.9700,29.5364,799019,0.0000,1.0000
2010-05-06,67.9300,68.1700,58.0700,64.0900,30.0617,457200,0.0000,1.0000
2010-05-05,66.7900,68.6300,66.3500,68.0700,31.9286,276282,0.0000,1.0000
2010-05-04,69.2900,69.5400,67.6400,68.6600,32.2053,345943,0.0000,1.0000
2010-05-03,68.7100,70.6600,68.7100,70.4300,33.0355,345011,0.0000,1.0000
2010-04-30,66.6200,68.9400,66.1200,68.5100,32.1349,431298,0.4146,1.0000
2010-04-29,66.0800,66.0800,66.0800,66.0800,30.8087,395200,0.0000,1.0000
2010-04-28,66.2000,66.3999,64.6600,66.0800,30.8087,266535,0.0000,1.0000
2010-04-27,67.2400,67.4200,64.5500,64.7200,30.1746,414005,0.0000,1.0000
2010-04-26,68.4400,68.7000,67.2800,67.3700,31.4101,192446,0.0000,1.0000
2010-04-23,65.9200,67.8500,65.9200,67.7400,31.5827,287082,0.0000,1.0000
2010-04-22,66.1700,66.5300,65.6100,66.1200,30.8274,307853,0.0000,1.0000
2010-04-21,67.4300,68.0600,65.8300,66.5700,31.0372,246002,0.0000,1.0000
2010-04-20,67.3600,67.9300,66.9600,67.7200,31.5733,173536,0.0000,1.0000
2010-04-19,67.7000,68.3200,66.8100,67.2000,31.3309,331335,0.0000,1.0000
2010-04-16,70.1400,71.0000,67.9000,67.9300,31.6712,419645,0.0000,1.0000
2010-04-15,69.9600,71.0000,69.7600,70.6400,32.9347,268682,0.0000,1.0000
2010-04-14,68.5200,70.1600,68.4500,69.8900,32.5851,471214,0.0000,1.0000
2010-04-13,68.6100,68.9300,67.0800,68.1000,31.7505,886720,0.0000,1.0000
2010-04-12,73.4100,75.6500,72.0000,72.3600,33.7366,479279,0.0000,1.0000
2010-04-09,72.6900,73.1500,71.4800,72.6700,33.8812,275200,0.0000,1.0000
2010-04-08,72.2100,73.3800,71.9000,73.0100,34.0397,311876,0.0000,1.0000
2010-04-07,70.6800,73.1300,70.5700,72.6500,33.8719,531404,0.0000,1.0000
2010-04-06,69.5200,70.2500,69.2300,70.1000,32.6830,268198,0.0000,1.0000
2010-04-05,69.0000,69.8900,68.8000,69.7800,32.5338,179031,0.0000,1.0000
2010-04-01,68.2100,69.3200,68.2100,69.1600,32.2447,362826,0.0000,1.0000
2010-03-31,64.8800,67.4000,64.2600,67.2300,31.3449,278404,0.0000,1.0000
2010-03-30,65.3800,65.4300,63.0000,64.9200,30.2679,329139,0.0000,1.0000
2010-03-29,65.5700,65.9900,65.1100,65.6000,30.5849,254775,0.0000,1.0000
2010-03-26,65.6100,65.7900,64.0000,65.1000,30.3518,151025,0.0000,1.0000
2010-03-25,66.2250,66.3000,65.4800,65.8300,30.6921,195445,0.0000,1.0000
2010-03-24,66.5500,66.8100,65.3000,65.3000,30.4450,120995,0.0000,1.0000
2010-03-23,66.2200,67.1000,65.8100,66.9600,31.2190,301197,0.0000,1.0000
2010-03-22,65.3300,66.2200,65.1500,65.6300,30.5989,252540,0.0000,1.0000
2010-03-19,67.2600,67.2900,65.9700,66.1800,30.8553,163173,0.0000,1.0000
2010-03-18,67.8800,68.1700,66.9100,67.0400,31.2563,126879,0.0000,1.0000
2010-03-17,68.9600,68.9600,68.2600,68.5900,31.9789,262209,0.0000,1.0000
2010-03-16,69.1200,69.5400,67.6000,67.9800,31.6945,300321,0.0000,1.0000
2010-03-15,68.8800,69.2300,68.0700,68.7000,32.0302,107695,0.0000,1.0000
2010-03-12,70.2400,70.7800,69.5000,69.8500,32.5664,314883,0.0000,1.0000
2010-03-11,69.5100,69.9300,69.0000,69.7800,32.5338,281681,0.0000,1.0000
2010-03-10,69.2800,69.8000,69.1000,69.5500,32.4265,208179,0.0000,1.0000
2010-03-09,66.8600,68.8000,66.8600,68.3400,31.8624,235632,0.0000,1.0000
2010-03-08,69.4000,69.4200,67.5009,67.9100,31.6619,370191,0.0000,1.0000
2010-03-05,70.6400,71.1500,68.6200,69.0600,32.1981,368322,0.0000,1.0000
2010-03-04,71.8400,71.9300,69.4400,69.6000,32.4498,236528,0.0000,1.0000
2010-03-03,71.5800,72.8900,71.3100,72.0800,33.6061,283103,0.0000,1.0000
2010-03-02,71.0300,71.5100,70.4600,70.6400,32.9347,285536,0.0000,1.0000
2010-03-01,69.3700,69.9100,68.7700,68.7900,32.0722,151746,0.0000,1.0000
2010-02-26,68.6800,68.8900,67.2300,68.4600,31.9183,158313,0.0000,1.0000
2010-02-25,66.7200,69.0700,66.6800,68.8000,32.0769,242197,0.0000,1.0000
2010-02-24,68.5200,69.1500,67.7600,68.5200,31.9463,256333,0.0000,1.0000
2010-02-23,69.4600,69.9500,66.8500,68.0000,31.7039,301330,0.0000,1.0000
2010-02-22,73.6300,73.6400,70.5000,70.7900,33.0047,159419,0.0000,1.0000
2010-02-19,72.3000,73.9000,72.3000,73.0300,34.0490,263029,0.0000,1.0000
2010-02-18,71.9700,73.4500,71.9100,73.3200,34.1842,148447,0.0000,1.0000
2010-02-17,71.7800,72.2700,71.0000,72.0900,33.6108,213269,0.0000,1.0000
2010-02-16,69.5400,71.0000,69.3000,70.7800,33.0000,76128,0.0000,1.0000
2010-02-12,68.2800,69.3200,67.6000,68.9700,32.1561,149220,0.0000,1.0000
2010-02-11,68.3300,70.4500,67.8840,70.1000,32.6830,302966,0.0000,1.0000
2010-02-10,70.0000,71.7800,69.1500,69.3400,32.3286,296152,0.0000,1.0000
2010-02-09,68.2500,71.1200,68.2500,69.4100,32.3613,429426,0.0000,1.0000
2010-02-08,65.9100,66.7400,65.5700,66.4700,30.9905,540166,0.0000,1.0000
2010-02-05,64.8000,66.7500,63.0000,66.1400,30.8367,568743,0.0000,1.0000
2010-02-04,67.5300,68.1200,63.5700,63.8100,29.7504,458353,0.0000,1.0000
2010-02-03,71.3100,71.3100,69.0500,69.4100,32.3613,345836,0.0000,1.0000
2010-02-02,70.4000,72.5800,69.9900,72.1700,33.6481,346631,0.0000,1.0000
2010-02-01,68.2900,69.1500,67.7600,69.1200,32.2261,472593,0.0000,1.0000
2010-01-29,68.6400,68.6400,66.2200,66.7200,31.1071,449171,0.0000,1.0000
2010-01-28,69.0000,69.1300,67.2500,67.6900,31.5593,227647,0.0000,1.0000
2010-01-27,68.3200,70.0200,68.0100,68.5900,31.9789,356682,0.0000,1.0000
2010-01-26,70.0200,71.0000,69.2500,69.7700,32.5291,307730,0.0000,1.0000
2010-01-25,71.3100,71.4800,71.0000,71.3200,33.2518,271678,0.0000,1.0000
2010-01-22,71.9500,71.9500,70.1500,70.5000,32.8695,607260,0.0000,1.0000
2010-01-21,77.0300,77.5000,71.6600,71.8000,33.4756,487263,0.0000,1.0000
2010-01-20,76.2200,77.4400,76.2000,77.1700,35.9792,427238,0.0000,1.0000
2010-01-19,76.7300,78.0800,76.4900,77.7000,36.2263,214565,0.0000,1.0000
2010-01-15,76.7000,78.0500,76.7000,77.5300,36.1471,267181,0.0000,1.0000
2010-01-14,77.1600,77.9000,76.9100,77.7400,36.2450,629488,0.0000,1.0000
2010-01-13,77.0100,77.2800,75.8500,76.5600,35.6948,303253,0.0000,1.0000
2010-01-12,72.8500,77.0800,72.8500,76.5600,35.6948,222386,0.0000,1.0000
2010-01-11,76.7700,76.7700,74.1600,74.6000,34.7810,152721,0.0000,1.0000
2010-01-08,76.4700,76.6000,75.5000,76.4000,35.6202,101262,0.0000,1.0000
2010-01-07,76.7400,77.3500,75.7700,76.0500,35.4571,247630,0.0000,1.0000
2010-01-06,76.1800,76.3400,75.4400,76.3300,35.5876,284661,0.0000,1.0000
2010-01-05,77.7100,77.9800,75.6100,76.3300,35.5876,437500,0.0000,1.0000
2010-01-04,76.4400,79.1600,76.4400,77.7100,36.2310,145675,0.0000,1.0000
2009-12-31,75.9600,76.1400,74.6400,75.1200,35.0235,56130,0.0000,1.0000
2009-12-30,75.6000,75.7400,74.9200,74.9900,34.9628,93600,0.0000,1.0000
2009-12-29,74.9600,75.7500,74.7700,75.5700,35.2333,186554,0.0000,1.0000
2009-12-28,74.0600,74.6700,73.9000,74.4000,34.6878,185873,0.0000,1.0000
2009-12-24,72.9000,73.4600,72.5800,73.4500,34.2448,24983,0.0000,1.0000
2009-12-23,71.7100,74.9200,71.7100,72.6600,33.8765,178889,0.0000,1.0000
2009-12-22,70.7700,72.7400,70.6100,72.7400,33.9138,129074,0.0000,1.0000
2009-12-21,71.1400,71.7500,70.0400,70.6000,32.9161,325551,0.0000,1.0000
2009-12-18,69.8300,70.8600,69.5400,70.6200,32.9254,177751,0.0000,1.0000
2009-12-17,70.9100,71.1900,69.8800,69.9700,32.6224,173351,0.0000,1.0000
2009-12-16,72.9700,74.1000,72.4100,72.7600,33.9231,200735,0.0000,1.0000
2009-12-15,72.6600,73.0700,72.0000,72.7800,33.9325,151530,0.0000,1.0000
2009-12-14,72.5400,73.2800,72.1500,72.9200,33.9977,133300,0.0000,1.0000
2009-12-11,73.4300,73.9200,71.5800,72.6800,33.8858,400185,0.0000,1.0000
2009-12-10,72.8100,73.3800,71.9500,72.8200,33.9511,284871,0.0000,1.0000
2009-12-09,73.0700,73.3000,71.7600,73.0200,34.0444,252744,0.0000,1.0000
2009-12-08,73.2600,74.0100,72.7100,73.1900,34.1236,400927,0.0000,1.0000
2009-12-07,74.0000,75.1900,73.4900,73.8600,34.4360,384940,0.0000,1.0000
2009-12-04,73.3900,75.1700,71.9100,74.6400,34.7997,920748,0.0000,1.0000
2009-12-03,68.3000,69.8400,67.4000,67.7300,31.5780,453202,0.0000,1.0000
2009-12-02,67.1000,68.3100,66.4900,67.7700,31.5966,320385,0.0000,1.0000
2009-12-01,65.7100,67.5200,65.5900,67.4600,31.4521,299014,0.0000,1.0000
2009-11-30,64.3300,64.5700,63.0200,63.9500,29.8156,387574,0.0000,1.0000
2009-11-27,63.0000,64.9000,62.4810,64.2600,29.9602,201420,0.0000,1.0000
2009-11-25,64.8500,65.9500,64.5400,65.7400,30.6502,497840,0.0000,1.0000
2009-11-24,64.5000,65.3200,63.7900,65.2800,30.4357,255985,0.0000,1.0000
2009-11-23,65.0000,65.5300,64.4900,65.0300,30.3192,173250,0.0000,1.0000
2009-11-20,63.9000,64.1700,63.2500,63.9000,29.7923,106539,0.0000,1.0000
2009-11-19,64.6900,64.6900,63.5600,64.0300,29.8529,215399,0.1320,1.0000
2009-11-18,64.5200,64.5200,64.5200,64.5200,30.0195,436300,0.0000,1.0000
2009-11-17,64.6500,64.6700,63.3300,64.5200,30.0195,363530,0.0000,1.0000
2009-11-16,65.1900,65.1900,63.9900,64.5800,30.0474,261405,0.0000,1.0000
2009-11-13,63.4400,64.4900,62.8000,64.1400,29.8427,375464,0.0000,1.0000
2009-11-12,65.7400,65.7400,62.5000,62.9300,29.2797,332063,0.0000,1.0000
2009-11-11,68.0050,69.9900,66.0600,66.9300,31.1408,274466,0.0000,1.0000
2009-11-10,67.6200,67.9500,66.5800,66.9600,31.1548,291238,0.0000,1.0000
2009-11-09,66.9900,69.1000,66.8900,68.8300,32.0248,336081,0.0000,1.0000
2009-11-06,65.6900,66.2000,65.0800,65.2700,30.3685,311199,0.0000,1.0000
2009-11-05,64.8200,66.3000,64.8200,65.9300,30.6755,230373,0.0000,1.0000
2009-11-04,64.7700,65.2000,63.9400,64.2500,29.8939,288645,0.0000,1.0000
2009-11-03,62.2900,63.6400,61.2350,63.3700,29.4844,304468,0.0000,1.0000
2009-11-02,60.9100,62.4100,60.4400,61.5000,28.6144,182148,0.0000,1.0000
2009-10-30,63.5400,63.6400,60.1900,60.4900,28.1444,481389,0.0000,1.0000
2009-10-29,61.1000,63.3500,60.4100,63.1200,29.3681,391709,0.0000,1.0000
2009-10-28,62.5400,63.3000,60.5000,60.7600,28.2701,339864,0.0000,1.0000
2009-10-27,63.8700,63.9200,62.6100,63.0000,29.3123,371218,0.0000,1.0000
2009-10-26,64.4300,66.5900,63.1800,63.6700,29.6240,279564,0.0000,1.0000
2009-10-23,65.4100,65.5700,63.8600,64.3900,29.9590,297123,0.0000,1.0000
2009-10-22,63.3100,65.2200,63.3100,65.0000,30.2428,353039,0.0000,1.0000
2009-10-21,62.9600,64.5800,62.4700,63.9900,29.7729,371595,0.0000,1.0000
2009-10-20,62.6000,63.0800,60.2600,62.7700,29.2053,517456,0.0000,1.0000
2009-10-19,63.8000,64.9500,63.5600,64.4800,30.0009,153511,0.0000,1.0000
2009-10-16,62.7500,64.5600,62.5800,64.0700,29.8101,212020,0.0000,1.0000
2009-10-15,64.2100,64.8200,63.8883,64.8200,30.1591,187077,0.0000,1.0000
2009-10-14,63.5700,65.2600,63.5400,65.0700,30.2754,372052,0.0000,1.0000
2009-10-13,61.8700,62.7900,61.3100,62.7900,29.2146,152178,0.0000,1.0000
2009-10-12,61.4300,63.1400,61.3400,62.4900,29.0750,174578,0.0000,1.0000
2009-10-09,60.5000,61.0300,60.3000,61.0300,28.3957,120379,0.0000,1.0000
2009-10-08,60.2300,60.8900,60.0500,60.6700,28.2282,505269,0.0000,1.0000
2009-10-07,59.5000,60.1100,58.3800,59.4300,27.6513,219788,0.0000,1.0000
2009-10-06,59.0000,60.0600,58.7700,59.5600,27.7117,297691,0.0000,1.0000
2009-10-05,56.8500,58.3000,56.4500,58.1900,27.0743,274170,0.0000,1.0000
2009-10-02,55.2200,56.9000,55.0000,56.4100,26.2461,295394,0.0000,1.0000
2009-10-01,56.3400,56.4900,55.3800,55.8600,25.9902,314342,0.0000,1.0000
2009-09-30,55.2200,56.6400,54.7300,56.3000,26.1949,295734,0.0000,1.0000
2009-09-29,55.1000,55.4100,54.5200,55.0000,25.5901,481180,0.0000,1.0000
2009-09-28,55.2800,55.8600,54.5200,55.1000,25.6366,109196,0.0000,1.0000
2009-09-25,54.7800,55.2400,53.8200,55.0200,25.5994,102185,0.0000,1.0000
2009-09-24,54.5500,55.7500,54.3500,54.8100,25.5017,384549,0.0000,1.0000
2009-09-23,54.3600,54.6300,53.5905,53.8800,25.0690,380422,0.0000,1.0000
2009-09-22,55.1600,55.1600,53.7600,54.7700,25.4831,74110,0.0000,1.0000
2009-09-21,54.1000,55.0200,54.1000,54.7800,25.4877,106687,0.0000,1.0000
2009-09-18,55.0000,55.2000,54.7000,54.8400,25.5156,125807,0.0000,1.0000
2009-09-17,53.7000,54.8400,53.5075,54.5200,25.3668,140426,0.0000,1.0000
2009-09-16,54.0000,54.2080,53.3900,53.8600,25.0597,177755,0.0000,1.0000
2009-09-15,53.4600,54.0000,52.7100,53.7600,25.0131,131344,0.0000,1.0000
2009-09-14,52.5500,53.4300,52.3700,53.1100,24.7107,150706,0.0000,1.0000
2009-09-11,53.1800,53.5100,52.2100,52.4100,24.3850,229364,0.0000,1.0000
2009-09-10,51.7000,53.2300,51.3900,53.1100,24.7107,179147,0.0000,1.0000
2009-09-09,52.1400,52.2800,51.6400,51.9300,24.1617,183880,0.0000,1.0000
2009-09-08,51.4400,52.2000,51.1200,52.1300,24.2548,179691,0.0000,1.0000
2009-09-04,50.5000,51.1800,50.2600,51.0400,23.7476,132303,0.0000,1.0000
2009-09-03,49.1100,50.3700,49.0600,50.3000,23.4033,132031,0.0000,1.0000
2009-09-02,48.3000,49.0300,47.9600,48.2100,22.4309,239049,0.0000,1.0000
2009-09-01,48.9400,49.8400,48.0700,48.4500,22.5425,402967,0.0000,1.0000
2009-08-31,49.3400,49.5000,48.6300,48.7700,22.6914,261833,0.0000,1.0000
2009-08-28,50.4400,50.5100,48.6800,48.8900,22.7473,228949,0.0000,1.0000
2009-08-27,49.7200,50.3500,48.8000,50.3500,23.4266,173457,0.0000,1.0000
2009-08-26,49.3600,50.2300,49.0000,50.1000,23.3102,226479,0.0000,1.0000
2009-08-25,50.0000,50.8500,49.3700,49.6900,23.1195,289457,0.0000,1.0000
2009-08-24,50.1700,50.6200,49.8700,50.0600,23.2916,185252,0.0000,1.0000
2009-08-21,49.1500,49.7900,48.6600,49.6100,23.0823,383338,0.0000,1.0000
2009-08-20,48.3200,48.7700,48.2200,48.6300,22.6263,303631,0.0000,1.0000
2009-08-19,47.0100,48.5700,46.9100,48.2100,22.4309,203330,0.0000,1.0000
2009-08-18,47.2400,47.9699,46.5900,47.7300,22.2075,161278,0.0000,1.0000
2009-08-17,46.8500,47.9200,46.1900,47.1300,21.9284,188497,0.0000,1.0000
2009-08-14,49.4600,49.4900,47.9400,48.5600,22.5937,185877,0.0000,1.0000
2009-08-13,49.2600,49.6900,48.4700,48.8700,22.7380,110105,0.0000,1.0000
2009-08-12,49.2400,49.9700,49.1200,49.5600,23.0590,197994,0.2740,1.0000
2009-08-11,50.3700,50.3700,50.3700,50.3700,23.3070,171800,0.0000,1.0000
2009-08-10,49.6200,50.7370,49.6200,50.3700,23.3070,270250,0.0481,1.0000
2009-08-07,49.9400,49.9400,49.9400,49.9400,23.0860,194400,0.0000,1.0000
2009-08-06,50.4300,50.6100,49.4200,49.9400,23.0860,506523,0.0000,1.0000
2009-08-05,49.8600,50.6900,49.2900,50.4100,23.3033,233566,0.0000,1.0000
2009-08-04,48.5000,49.2900,48.3800,49.1000,22.6977,161678,0.0000,1.0000
2009-08-03,47.5700,48.9100,47.3000,48.9100,22.6098,253955,0.0000,1.0000
2009-07-31,45.8000,46.9100,45.7000,46.8000,21.6344,246472,0.0000,1.0000
2009-07-30,45.5500,46.4300,45.3500,46.2500,21.3802,117360,0.0000,1.0000
2009-07-29,44.7100,44.8000,43.9700,44.7600,20.6914,191829,0.0000,1.0000
2009-07-28,44.5000,45.0000,44.4400,44.7700,20.6960,353564,0.0000,1.0000
2009-07-27,44.3100,44.9400,43.3800,44.7600,20.6914,115369,0.0000,1.0000
2009-07-24,43.7000,44.8600,43.5400,44.6100,20.6221,102990,0.0000,1.0000
2009-07-23,42.9700,44.3300,42.7000,43.9100,20.2985,272851,0.0000,1.0000
2009-07-22,43.3600,43.5000,42.5104,42.6600,19.7206,258931,0.0000,1.0000
2009-07-21,44.9300,45.1000,43.3800,43.5300,20.1228,317702,0.0000,1.0000
2009-07-20,44.0100,45.1999,43.8500,45.1800,20.8856,163672,0.0000,1.0000
2009-07-17,41.7600,43.2125,41.7300,43.1200,19.9333,206034,0.0000,1.0000
2009-07-16,41.3500,41.8900,41.3000,41.6300,19.2445,185908,0.0000,1.0000
2009-07-15,41.7800,42.5400,41.7800,42.3300,19.5681,172598,0.0000,1.0000
2009-07-14,41.0800,41.2600,40.7300,41.0400,18.9717,189715,0.0000,1.0000
2009-07-13,40.3500,41.1900,40.1000,41.0000,18.9533,128772,0.0000,1.0000
2009-07-10,39.3500,40.9500,39.2600,40.7600,18.8423,291791,0.0000,1.0000
2009-07-09,40.1900,40.5400,39.2825,40.3600,18.6574,61888,0.0000,1.0000
2009-07-08,39.5500,39.7900,38.8600,39.7200,18.3615,347143,0.0000,1.0000
2009-07-07,39.7900,39.9600,39.1400,39.3600,18.1951,280577,0.0000,1.0000
2009-07-06,38.6600,40.0100,38.5700,39.9800,18.4817,168661,0.0000,1.0000
2009-07-02,38.5000,39.3500,38.3300,39.1500,18.0980,114866,0.0000,1.0000
2009-07-01,39.4500,39.7400,39.2400,39.5900,18.3014,117055,0.0000,1.0000
2009-06-30,38.5800,38.7500,38.2300,38.4600,17.7791,214234,0.0000,1.0000
2009-06-29,38.3900,38.6100,37.8300,38.4200,17.7606,139896,0.0000,1.0000
2009-06-26,38.6300,38.8500,38.1300,38.4000,17.7513,106088,0.0000,1.0000
2009-06-25,36.8200,38.7700,36.6600,38.7300,17.9039,220784,0.0000,1.0000
2009-06-24,36.8400,37.2200,36.5400,36.9300,17.0718,244117,0.0000,1.0000
2009-06-23,36.0700,36.4400,35.6100,36.3500,16.8037,174878,0.0000,1.0000
2009-06-22,36.6200,36.6500,35.3900,35.6100,16.4616,216446,0.0000,1.0000
2009-06-19,37.1000,37.7600,36.8800,37.2000,17.1966,365539,0.0000,1.0000
2009-06-18,36.7300,37.5400,36.4600,36.8300,17.0256,447411,0.0000,1.0000
2009-06-17,36.5000,36.9300,36.3000,36.7200,16.9747,241522,0.0000,1.0000
2009-06-16,37.6200,37.6600,36.9300,36.9600,17.0857,278483,0.0000,1.0000
2009-06-15,38.0700,38.0700,36.8100,37.1100,17.1550,522249,0.0000,1.0000
2009-06-12,37.7900,38.2500,37.5400,38.2300,17.6728,358642,0.0000,1.0000
2009-06-11,37.3400,38.3400,36.9900,38.1300,17.6265,359541,0.0229,1.0000
2009-06-10,37.4700,37.8200,36.4400,37.1700,17.1724,289186,0.0000,1.0000
2009-06-09,38.1100,38.4500,36.7500,37.3200,17.2417,660132,0.0000,1.0000
2009-06-08,37.2300,37.3400,35.9000,36.5200,16.8721,191660,0.0000,1.0000
2009-06-05,38.8300,38.9900,36.8800,37.4400,17.2972,120916,0.0000,1.0000
2009-06-04,37.7100,38.2000,37.4100,38.0100,17.5605,121237,0.0000,1.0000
2009-06-03,38.2500,38.4000,36.7800,37.4500,17.3018,196962,0.0000,1.0000
2009-06-02,38.7400,39.5900,38.4200,39.1000,18.0641,406641,0.0000,1.0000
2009-06-01,38.8200,39.7500,38.5900,39.4500,18.2258,211834,0.0000,1.0000
2009-05-29,36.5500,37.5700,36.2200,37.4400,17.2972,275111,0.0000,1.0000
2009-05-28,35.6400,36.1500,35.2100,36.0900,16.6735,107068,0.0000,1.0000
2009-05-27,35.5800,36.2099,35.1300,35.3600,16.3362,473486,0.0000,1.0000
2009-05-26,33.7500,35.3500,33.6000,35.2400,16.2808,194150,0.0000,1.0000
2009-05-22,34.3100,34.9000,33.8900,34.8100,16.0821,328351,0.0000,1.0000
2009-05-21,34.9000,35.0600,33.4000,33.8100,15.6201,233775,0.0000,1.0000
2009-05-20,36.2500,36.9500,35.5500,35.6300,16.4609,160293,0.0000,1.0000
2009-05-19,34.8700,35.9700,34.6800,35.6400,16.4656,238008,0.0000,1.0000
2009-05-18,34.2500,35.9000,34.2500,35.5900,16.4425,268623,0.0000,1.0000
2009-05-15,33.6600,34.1200,33.1800,33.5900,15.5185,113863,0.0000,1.0000
2009-05-14,32.6200,33.9900,32.6000,33.6600,15.5508,156212,0.0000,1.0000
2009-05-13,33.3900,33.5800,32.7900,32.8900,15.1951,126741,0.0000,1.0000
2009-05-12,34.5900,34.7200,33.4600,34.2100,15.8049,160768,0.0000,1.0000
2009-05-11,33.6000,34.5500,33.4700,33.8200,15.6247,155270,0.0000,1.0000
2009-05-08,32.8200,34.1200,32.6300,34.1200,15.7633,222347,0.0000,1.0000
2009-05-07,33.4000,33.5100,31.9100,32.3000,14.9225,282591,0.0000,1.0000
2009-05-06,33.5600,33.7400,32.9500,33.3400,15.4030,248022,0.0000,1.0000
2009-05-05,33.9000,33.9000,32.0900,32.9900,15.2413,215622,0.0000,1.0000
2009-05-04,33.5400,34.1200,33.3500,33.5700,15.5092,370923,0.5182,1.0000
2009-05-01,32.7400,33.3800,32.4500,33.2100,15.1097,222285,0.0000,1.0000
2009-04-30,32.5800,32.9300,32.1100,32.2900,14.6911,234830,0.0000,1.0000
2009-04-29,31.1700,33.0000,31.1700,32.1000,14.6047,198071,0.0000,1.0000
2009-04-28,30.3900,31.4300,30.3500,31.0700,14.1360,109518,0.0000,1.0000
2009-04-27,30.8100,31.2300,30.3400,30.9700,14.0905,125203,0.0000,1.0000
2009-04-24,31.1000,31.4200,30.9100,31.2900,14.2361,462343,0.0000,1.0000
2009-04-23,30.7300,31.0500,30.4900,30.8600,14.0405,219665,0.0000,1.0000
2009-04-22,30.2000,31.0800,30.1300,30.7300,13.9813,316345,0.0000,1.0000
2009-04-21,29.0600,30.5800,28.8400,30.2800,13.7766,178507,0.0000,1.0000
2009-04-20,30.0200,30.0200,29.3100,29.3400,13.3489,190482,0.0000,1.0000
2009-04-17,31.2400,31.7400,30.7000,30.8200,14.0223,272186,0.0000,1.0000
2009-04-16,30.9000,31.8600,30.7200,31.6000,14.3772,472428,0.0000,1.0000
2009-04-15,29.2000,29.7900,29.0900,29.7200,13.5218,542410,0.0000,1.0000
2009-04-14,30.8800,31.3700,29.3300,29.5500,13.4445,418294,0.0000,1.0000
2009-04-13,30.9300,31.1500,30.4900,31.0900,14.1451,315681,0.0000,1.0000
2009-04-09,31.3900,31.4600,30.5400,30.8300,14.0268,254751,0.0000,1.0000
2009-04-08,29.4100,30.8300,29.4100,30.6800,13.9586,384887,0.0000,1.0000
2009-04-07,28.8600,29.3300,28.5600,28.8200,13.1123,102512,0.0000,1.0000
2009-04-06,28.5700,29.3500,28.4400,29.1900,13.2807,169667,0.0000,1.0000
2009-04-03,29.5600,29.7800,28.9300,29.4300,13.3899,337558,0.0000,1.0000
2009-04-02,29.1500,29.4300,28.4700,29.1200,13.2488,401275,0.0000,1.0000
2009-04-01,26.7300,28.2500,26.6700,28.0300,12.7529,257756,0.0000,1.0000
2009-03-31,27.2200,27.6400,26.8900,27.0800,12.3207,348967,0.0000,1.0000
2009-03-30,26.5200,26.8300,26.2800,26.6600,12.1296,269019,0.0000,1.0000
2009-03-27,27.3400,27.3600,26.2000,26.9800,12.2752,510095,0.0000,1.0000
2009-03-26,28.5400,28.6400,27.5100,27.8500,12.6710,358105,0.0000,1.0000
2009-03-25,27.7600,28.5700,27.7600,28.3800,12.9122,234124,0.0000,1.0000
2009-03-24,27.6300,28.2500,27.4800,27.7000,12.6028,193613,0.0000,1.0000
2009-03-23,27.0900,28.6200,27.0900,28.6100,13.0168,258497,0.0000,1.0000
2009-03-20,27.2500,27.5300,26.8600,27.1600,12.3571,171524,0.0000,1.0000
2009-03-19,28.4500,28.6600,27.3000,27.3700,12.4526,221999,0.0000,1.0000
2009-03-18,27.7000,28.4000,27.1900,28.2900,12.8712,248249,0.0000,1.0000
2009-03-17,27.1100,27.7100,26.8400,27.6500,12.5800,138902,0.0000,1.0000
2009-03-16,28.0800,28.3100,26.9500,26.9800,12.2752,205938,0.0000,1.0000
2009-03-13,27.2000,27.9500,27.0200,27.6000,12.5573,199303,0.0000,1.0000
2009-03-12,26.1100,27.2800,25.9400,27.2600,12.4026,176348,0.0000,1.0000
2009-03-11,25.9600,26.3000,25.7700,26.1100,11.8794,185616,0.0000,1.0000
2009-03-10,25.6000,26.1000,25.2500,25.7200,11.7019,387366,0.0000,1.0000
2009-03-09,24.7300,25.3900,24.6300,25.1500,11.4426,343701,0.0000,1.0000
2009-03-06,24.5000,25.1700,24.4900,25.0500,11.3971,376017,0.0000,1.0000
2009-03-05,24.3400,24.8000,24.0700,24.1800,11.0013,351465,0.0000,1.0000
2009-03-04,24.4200,25.1500,24.2500,24.9100,11.3334,395852,0.0000,1.0000
2009-03-03,23.7300,24.6700,23.4500,24.4000,11.1014,574617,0.0000,1.0000
2009-03-02,23.3400,23.7800,22.8700,23.3200,10.6100,398058,0.0000,1.0000
2009-02-27,23.2900,24.6600,23.2900,24.2300,11.0240,313793,0.0000,1.0000
2009-02-26,24.7400,25.0800,23.9900,24.2000,11.0104,460039,0.0000,1.0000
2009-02-25,24.0600,25.1100,23.1900,24.6100,11.1969,360392,0.0000,1.0000
2009-02-24,23.3000,24.2300,22.3800,24.0600,10.9467,175937,0.0000,1.0000
2009-02-23,23.1600,24.2900,23.1300,23.3000,10.6009,279616,0.0000,1.0000
2009-02-20,23.8000,24.5300,23.7000,24.2900,11.0513,304696,0.0000,1.0000
2009-02-19,24.9900,25.2300,24.3100,24.4300,11.1150,150379,0.0000,1.0000
2009-02-18,24.9200,25.1000,24.2800,24.6500,11.2151,431824,0.0000,1.0000
2009-02-17,25.3600,25.4500,24.4400,24.6600,11.2197,281213,0.0000,1.0000
2009-02-13,26.3900,26.9400,25.8700,26.4400,12.0295,221983,0.0000,1.0000
2009-02-12,25.4600,26.1900,25.2400,26.1000,11.8748,276817,0.0000,1.0000
2009-02-11,26.0700,26.5800,25.7500,26.1800,11.9112,222609,0.0000,1.0000
2009-02-10,26.5200,26.8100,25.2500,25.6200,11.6564,277458,0.0000,1.0000
2009-02-09,27.1600,27.2800,25.9900,26.5300,12.0705,421775,0.0000,1.0000
2009-02-06,26.6100,27.3500,26.4300,27.1200,12.3389,280536,0.0000,1.0000
2009-02-05,25.7900,27.0700,25.6800,26.7300,12.1614,342391,0.0000,1.0000
2009-02-04,26.3200,26.8700,25.6100,25.8000,11.7383,479892,0.0000,1.0000
2009-02-03,25.5700,26.6600,25.2500,26.4700,12.0432,469058,0.0000,1.0000
2009-02-02,25.1700,25.9000,25.1200,25.7400,11.7110,419202,0.0000,1.0000
2009-01-30,25.9100,26.4000,25.5500,25.6500,11.6701,338530,0.0000,1.0000
2009-01-29,26.3600,26.6700,25.8300,26.1200,11.8839,450365,0.0000,1.0000
2009-01-28,26.8200,27.1100,26.1800,26.8100,12.1978,370655,0.0000,1.0000
2009-01-27,25.7500,26.2200,25.6300,25.9800,11.8202,197901,0.0000,1.0000
2009-01-26,25.7600,26.3300,25.3100,25.6100,11.6519,264895,0.0000,1.0000
2009-01-23,24.5900,25.9100,24.3700,25.7800,11.7292,402949,0.0000,1.0000
2009-01-22,24.5900,25.3000,24.2100,25.0700,11.4062,445902,0.0000,1.0000
2009-01-21,24.3200,25.0400,23.4600,24.7300,11.2515,490728,0.0000,1.0000
2009-01-20,24.9100,24.9100,23.3400,23.3800,10.6373,291667,0.0000,1.0000
2009-01-16,25.9100,25.9100,24.5300,25.7600,11.7201,326656,0.0000,1.0000
2009-01-15,24.7700,25.2000,23.9500,24.9800,11.3652,337549,0.0000,1.0000
2009-01-14,25.6600,25.7300,24.5100,24.7700,11.2697,513062,0.0000,1.0000
2009-01-13,26.2700,26.8700,25.9000,26.2000,11.9203,453588,0.0000,1.0000
2009-01-12,26.5400,26.7000,25.9300,26.1600,11.9021,242172,0.0000,1.0000
2009-01-09,26.8400,27.3400,25.8900,26.8600,12.2206,361437,0.0000,1.0000
2009-01-08,26.5200,26.7000,25.6100,26.5700,12.0887,301484,0.0000,1.0000
2009-01-07,27.0500,27.3000,25.9300,26.2700,11.9522,339134,0.0000,1.0000
2009-01-06,28.2200,28.3300,26.9400,27.2300,12.3889,455931,0.0000,1.0000
2009-01-05,28.5500,28.6500,27.3200,27.5400,12.5300,593827,0.0000,1.0000
2009-01-02,26.8200,28.4500,26.7300,28.1300,12.7984,274403,0.0000,1.0000
2008-12-31,26.9600,27.8000,26.9500,27.5600,12.5391,198337,0.0000,1.0000
2008-12-30,26.5500,27.4600,26.3200,26.9700,12.2706,238778,0.0000,1.0000
2008-12-29,25.8700,26.0600,25.5800,25.7400,11.7110,250905,0.0000,1.0000
2008-12-26,27.3100,27.5100,26.5100,26.7500,12.1705,154755,0.0000,1.0000
2008-12-24,27.8000,27.8000,27.0200,27.3900,12.4617,91494,0.0000,1.0000
2008-12-23,28.1300,28.4000,27.4600,27.6400,12.5755,239620,0.0000,1.0000
2008-12-22,27.9600,28.2500,27.5100,28.0700,12.7711,361814,0.0000,1.0000
2008-12-19,29.2400,29.4000,28.0500,28.4500,12.9440,516195,0.0000,1.0000
2008-12-18,28.4900,28.8600,27.5500,27.9300,12.7074,530965,0.0000,1.0000
2008-12-17,28.3300,28.9700,27.6600,28.0800,12.7757,464008,0.0000,1.0000
2008-12-16,29.1500,30.3100,28.8500,30.2000,13.7402,513003,0.0000,1.0000
2008-12-15,29.0500,29.2900,28.3200,28.7500,13.0805,521048,0.0000,1.0000
2008-12-12,28.0900,29.9300,28.0900,29.1500,13.2625,575918,0.0000,1.0000
2008-12-11,29.4300,30.5200,27.5000,28.0100,12.7438,590123,0.0000,1.0000
2008-12-10,28.7300,29.5100,28.2300,28.6200,13.0213,862603,0.0000,1.0000
2008-12-09,28.8400,29.3300,27.7100,28.0300,12.7529,730051,0.0000,1.0000
2008-12-08,31.6000,32.1900,29.9400,30.0900,13.6902,1095261,0.0000,1.0000
2008-12-05,28.7300,32.5800,27.9500,31.6200,14.3863,529016,0.0000,1.0000
2008-12-04,30.1600,30.8600,28.9100,29.7300,13.5264,400503,0.0000,1.0000
2008-12-03,30.6600,31.9200,29.7800,30.8900,14.0541,367386,0.0000,1.0000
2008-12-02,30.7800,31.7800,30.2300,31.7700,14.4545,349212,0.0000,1.0000
2008-12-01,30.5200,31.7700,30.0000,30.2200,13.7493,332757,0.0000,1.0000
2008-11-28,33.1400,33.3500,32.5700,32.9900,15.0096,200794,0.0000,1.0000
2008-11-26,30.7700,34.0400,30.7700,33.4000,15.1961,430453,0.0000,1.0000
2008-11-25,31.4500,31.6600,30.1600,31.4600,14.3135,407844,0.0000,1.0000
2008-11-24,29.8200,32.0200,29.1700,31.0300,14.1178,357901,0.0000,1.0000
2008-11-21,27.9400,28.9400,26.4600,28.9000,13.1487,543051,0.0000,1.0000
2008-11-20,28.3700,28.3700,25.3700,25.8900,11.7793,193610,0.0000,1.0000
2008-11-19,29.9400,30.3000,28.0000,28.2700,12.8621,208342,0.0000,1.0000
2008-11-18,31.2300,31.5400,29.4800,30.2500,13.7630,273394,0.0000,1.0000
2008-11-17,29.2000,31.9500,28.9700,31.1200,14.1588,387573,0.0000,1.0000
2008-11-14,30.8700,31.5200,29.4100,29.5800,13.4581,345884,0.0000,1.0000
2008-11-13,28.6200,33.3300,27.6600,33.1700,15.0915,489191,0.0000,1.0000
2008-11-12,29.9300,29.9300,26.7700,27.1100,12.3343,394156,0.0000,1.0000
2008-11-11,30.3200,31.5000,28.6700,30.8000,14.0132,338875,0.0000,1.0000
2008-11-10,33.2700,33.8600,30.3000,30.7400,13.9859,342065,0.0000,1.0000
2008-11-07,32.3700,33.2500,31.3000,32.5500,14.8094,618968,0.0000,1.0000
2008-11-06,31.5000,32.9500,30.6800,31.0900,14.1451,582297,0.0000,1.0000
2008-11-05,32.5700,33.6900,31.2700,31.3900,14.2816,665118,0.0000,1.0000
2008-11-04,32.2400,33.9000,31.9800,33.9000,15.4236,389641,0.0000,1.0000
2008-11-03,30.3000,31.9700,30.3000,31.8000,14.4682,281365,0.0000,1.0000
2008-10-31,30.4200,32.3000,29.8500,29.9300,13.6174,417341,0.0000,1.0000
2008-10-30,29.7700,32.8300,29.2500,32.5600,14.8139,367677,0.0000,1.0000
2008-10-29,26.8600,29.6200,25.5200,28.6700,13.0441,436527,0.0000,1.0000
2008-10-28,23.9400,27.0000,23.3900,27.0000,12.2843,462802,0.0000,1.0000
2008-10-27,21.9100,23.0400,21.6500,22.2800,10.1368,207559,0.0000,1.0000
2008-10-24,21.7200,23.0000,21.7200,22.1800,10.0913,427341,0.0000,1.0000
2008-10-23,23.7700,24.7300,22.8700,24.3900,11.0968,536645,0.0000,1.0000
2008-10-22,25.7500,25.8900,23.0100,23.8600,10.8557,707285,0.0000,1.0000
2008-10-21,28.3200,30.4400,27.4500,27.5300,12.5254,273880,0.0000,1.0000
2008-10-20,29.4900,30.2800,28.6100,30.2400,13.7584,495515,0.0000,1.0000
2008-10-17,26.0100,29.8700,25.9200,28.9000,13.1487,377241,0.0000,1.0000
2008-10-16,26.4500,27.4500,23.8900,27.2500,12.3980,843781,0.0000,1.0000
2008-10-15,26.8200,27.5600,24.0500,24.4900,11.1423,291689,0.0000,1.0000
2008-10-14,29.0900,29.9500,27.1000,28.1200,12.7939,693288,0.0000,1.0000
2008-10-13,26.1400,27.9800,24.6000,27.9800,12.7302,468054,0.0000,1.0000
2008-10-10,22.0100,22.9000,21.2600,22.5000,10.2369,421138,0.0000,1.0000
2008-10-09,25.7900,26.9300,23.4200,24.3400,11.0741,378670,0.0000,1.0000
2008-10-08,23.8500,25.5400,23.0100,24.4600,11.1287,482733,0.0000,1.0000
2008-10-07,27.3500,28.5600,24.8300,25.2500,11.4881,528484,0.0000,1.0000
2008-10-06,28.0100,28.5500,25.7100,27.3100,12.4253,468395,0.0000,1.0000
2008-10-03,32.9900,34.7400,30.9500,31.3100,14.2452,414893,0.0000,1.0000
2008-10-02,35.0000,35.0000,32.0100,32.9000,14.9686,280990,0.0000,1.0000
2008-10-01,34.6000,35.8400,34.1700,35.5900,16.1925,430486,0.0000,1.0000
2008-09-30,34.5500,35.1200,33.0300,34.9600,15.9059,577394,0.0000,1.0000
2008-09-29,35.3500,37.6100,33.2300,33.4400,15.2143,289159,0.0000,1.0000
2008-09-26,37.4600,38.1900,36.9900,37.7000,17.1525,390741,0.0000,1.0000
2008-09-25,37.0400,41.3000,36.4300,38.3500,17.4482,214866,0.0000,1.0000
2008-09-24,38.7500,38.8200,35.8200,36.0000,16.3791,331814,0.0000,1.0000
2008-09-23,41.7100,41.7100,38.0400,38.5500,17.5392,222028,0.0000,1.0000
2008-09-22,41.7700,42.9900,41.0600,41.2700,18.7768,275592,0.0000,1.0000
2008-09-19,39.0000,41.9900,39.0000,41.5600,18.9087,376096,0.0000,1.0000
2008-09-18,37.0000,38.2500,35.6400,36.8000,16.7430,751586,0.0000,1.0000
2008-09-17,37.0000,39.6100,36.7200,37.1800,16.9159,749134,0.0000,1.0000
2008-09-16,35.9800,39.7800,35.9500,39.7600,18.0898,754954,0.0000,1.0000
2008-09-15,37.5400,38.0300,36.1000,36.1400,16.4428,185749,0.0000,1.0000
2008-09-12,37.6500,39.3100,37.6000,38.8200,17.6621,216432,0.0000,1.0000
2008-09-11,37.1300,38.4000,35.9600,37.5800,17.0979,378070,0.0000,1.0000
2008-09-10,39.0800,39.0800,37.1400,37.5500,17.0843,297834,0.0000,1.0000
2008-09-09,39.0400,39.0400,37.2400,37.4500,17.0388,387709,0.0000,1.0000
2008-09-08,39.7600,40.2700,37.6000,37.9600,17.2708,456859,0.0000,1.0000
2008-09-05,38.4900,38.9700,37.5000,38.8400,17.6712,259897,0.0000,1.0000
2008-09-04,40.0500,40.1600,38.9800,39.3700,17.9123,282281,0.0000,1.0000
2008-09-03,42.3000,42.5200,40.2100,40.5600,18.4537,335378,0.0000,1.0000
2008-09-02,42.5400,42.5400,41.9600,42.2300,19.2135,277638,0.0000,1.0000
2008-08-29,42.3400,42.7000,41.5000,41.6700,18.9588,185507,0.0000,1.0000
2008-08-28,42.4800,43.2800,42.4600,42.6700,19.4137,194803,0.0000,1.0000
2008-08-27,41.2400,41.8500,41.0100,41.5800,18.9178,79490,0.0000,1.0000
2008-08-26,40.9500,41.5200,40.7500,41.3200,18.7995,143714,0.0000,1.0000
2008-08-25,42.2000,42.3100,40.6300,40.8600,18.5902,143430,0.0000,1.0000
2008-08-22,42.3000,42.5500,41.8100,42.0300,19.1225,117082,0.0000,1.0000
2008-08-21,42.5700,42.7100,42.1100,42.2600,19.2272,185205,0.0000,1.0000
2008-08-20,43.5500,43.7000,42.3700,43.0700,19.5957,189158,0.0000,1.0000
2008-08-19,41.6900,43.1100,41.3700,42.9500,19.5411,195581,0.0000,1.0000
2008-08-18,42.4400,43.1300,41.3400,41.6700,18.9588,151375,0.0000,1.0000
2008-08-15,43.0600,43.4600,41.7100,42.3300,19.2590,135574,0.0000,1.0000
2008-08-14,43.2400,43.8700,42.8700,43.3900,19.7413,182363,0.0000,1.0000
2008-08-13,43.3100,44.4600,42.9100,43.2400,19.6731,331925,0.0000,1.0000
2008-08-12,43.3300,44.1800,42.7500,43.9800,20.0097,386021,0.0000,1.0000
2008-08-11,44.0700,44.2600,42.5000,42.9000,19.5184,335191,0.0000,1.0000
2008-08-08,45.0600,46.0500,43.4900,44.0700,20.0507,317549,0.0000,1.0000
2008-08-07,46.4900,46.7800,45.5400,45.6600,20.7741,289854,0.0000,1.0000
2008-08-06,47.0000,47.1700,46.0600,46.7600,21.2746,597207,0.0000,1.0000
2008-08-05,45.7700,46.9000,45.7700,46.8000,21.2928,285544,0.0000,1.0000
2008-08-04,45.8900,46.1100,45.1600,45.4700,20.6877,352105,0.0000,1.0000
2008-08-01,46.0500,46.2100,45.4500,45.7000,20.7923,249996,0.0000,1.0000
2008-07-31,45.7300,46.7000,45.5900,46.0900,20.9697,378140,0.0000,1.0000
2008-07-30,45.9000,46.3600,45.5300,45.9500,20.9060,260656,0.0000,1.0000
2008-07-29,45.7400,45.9200,44.7400,45.7100,20.7968,253561,0.0000,1.0000
2008-07-28,45.1000,46.2700,44.9500,45.2100,20.5694,96740,0.0000,1.0000
2008-07-25,45.1500,46.2100,44.4300,45.6800,20.7832,374574,0.0000,1.0000
2008-07-24,46.1300,46.2600,44.8900,45.4300,20.6695,201182,0.0000,1.0000
2008-07-23,46.8400,47.4000,46.3100,46.6900,21.2427,265263,0.0000,1.0000
2008-07-22,46.2300,47.1300,45.8200,47.0100,21.3883,198438,0.0000,1.0000
2008-07-21,46.2600,47.1500,45.6200,46.7800,21.2837,236515,0.0000,1.0000
2008-07-18,43.8500,47.3400,43.8500,46.3100,21.0698,279755,0.0000,1.0000
2008-07-17,47.0000,47.5900,46.1800,46.7100,21.2518,224100,0.0000,1.0000
2008-07-16,45.9100,47.0500,45.9100,46.8400,21.3110,287700,0.0000,1.0000
2008-07-15,44.2300,45.9500,44.1300,45.7000,20.7923,410221,0.0000,1.0000
2008-07-14,43.6600,45.2300,43.6200,45.0900,20.5148,265689,0.0000,1.0000
2008-07-11,43.6600,43.9600,43.0100,43.6000,19.8369,455199,0.0000,1.0000
2008-07-10,42.9200,44.7100,42.8400,44.3800,20.1917,593459,0.0000,1.0000
2008-07-09,42.6200,43.9800,42.4600,43.1600,19.6367,499830,0.0000,1.0000
2008-07-08,42.0000,42.7700,41.6600,42.6100,19.3864,496190,0.0000,1.0000
2008-07-07,41.6700,42.3800,41.3800,42.0000,19.1089,435922,0.0000,1.0000
2008-07-03,42.3000,43.2500,41.9100,42.9400,19.5366,219078,0.0000,1.0000
2008-07-02,42.7500,42.8900,41.7900,42.1600,19.1817,340667,0.0000,1.0000
2008-07-01,41.8100,43.1100,41.6200,42.5300,19.3500,404392,0.0000,1.0000
2008-06-30,42.5700,43.2300,42.4000,42.4600,19.3182,225875,0.0000,1.0000
2008-06-27,42.0000,43.1100,41.7700,42.5900,19.3773,398795,0.0000,1.0000
2008-06-26,42.9100,42.9100,42.0000,42.1000,19.1544,255518,0.0000,1.0000
2008-06-25,42.6400,44.0700,42.4000,44.0200,20.0279,385683,0.0000,1.0000
2008-06-24,44.0200,44.3000,42.5300,42.8800,19.5093,196229,0.0000,1.0000
2008-06-23,44.7200,44.9300,43.8800,44.0100,20.0234,160039,0.0000,1.0000
2008-06-20,44.0400,45.7800,44.0000,44.2600,20.1371,519385,0.0000,1.0000
2008-06-19,47.5800,47.7600,46.2400,46.4300,21.1244,306520,0.0000,1.0000
2008-06-18,48.3700,48.3900,46.7900,47.5400,21.6295,349890,0.0000,1.0000
2008-06-17,48.2500,48.7900,47.2700,48.6400,22.1299,652813,0.0000,1.0000
2008-06-16,45.8000,47.0700,45.4600,46.1500,20.9970,468365,0.0000,1.0000
2008-06-13,44.4600,45.5300,44.1800,45.5200,20.7104,367765,0.0000,1.0000
2008-06-12,44.0600,45.7500,44.0600,44.4300,20.2145,217100,0.0000,1.0000
2008-06-11,45.1200,45.3200,44.2000,44.2200,20.1189,290659,0.0000,1.0000
2008-06-10,45.2600,45.7800,44.8700,45.6300,20.7605,219668,0.0000,1.0000
2008-06-09,46.2300,46.6100,45.8100,46.5400,21.1745,422250,0.0000,1.0000
2008-06-06,46.9600,47.0100,45.7500,45.8000,20.8378,289052,0.0000,1.0000
2008-06-05,46.9500,47.0400,45.8700,46.9900,21.3792,394344,0.0000,1.0000
2008-06-04,46.4000,47.5600,46.2900,46.7300,21.2609,452149,0.0000,1.0000
2008-06-03,47.6100,47.6100,46.1200,46.8200,21.3019,181915,0.0000,1.0000
2008-06-02,46.7000,47.3199,46.5400,46.7800,21.2837,152719,0.0000,1.0000
2008-05-30,47.4800,47.5500,46.8300,47.1800,21.4657,160242,0.0000,1.0000
2008-05-29,46.9000,47.8000,46.6500,47.0600,21.4111,324028,0.0000,1.0000
2008-05-28,45.0500,47.3300,44.9100,47.0500,21.4065,326753,0.0000,1.0000
2008-05-27,44.2600,44.6800,43.3000,44.4200,20.2099,310805,0.0000,1.0000
2008-05-23,44.9600,45.1200,43.9600,44.4100,20.2054,173414,0.0000,1.0000
2008-05-22,44.7000,44.8600,43.8400,44.2500,20.1326,170457,0.0000,1.0000
2008-05-21,45.5000,46.3500,44.8600,44.9500,20.4511,156754,0.0000,1.0000
2008-05-20,45.6100,46.0300,45.2500,45.7200,20.8014,141336,0.0000,1.0000
2008-05-19,46.5000,46.5000,45.2800,45.9200,20.8924,260870,0.0000,1.0000
2008-05-16,47.3600,47.6600,46.1300,46.3600,21.0926,557609,0.0000,1.0000
2008-05-15,49.4900,49.4900,47.1800,47.8000,21.7477,526549,0.0498,1.0000
2008-05-14,50.4800,50.5000,48.8400,49.4600,22.4796,283084,0.0000,1.0000
2008-05-13,47.7800,48.8500,47.3800,48.7900,22.1750,353813,0.0000,1.0000
2008-05-12,46.1200,47.5700,46.1200,47.4000,21.5433,218906,0.0000,1.0000
2008-05-09,45.9500,46.5200,45.6500,46.2800,21.0342,142549,0.0000,1.0000
2008-05-08,46.1300,47.8500,45.5000,46.4800,21.1251,381213,0.0000,1.0000
2008-05-07,47.3500,47.9900,46.1400,46.4800,21.1251,782162,0.0000,1.0000
2008-05-06,49.1400,49.2900,48.5800,48.7000,22.1341,302880,0.0000,1.0000
2008-05-05,49.3000,49.5000,47.2500,48.4700,22.0296,383263,0.0000,1.0000
2008-05-02,47.8000,47.9900,46.7500,47.4500,21.5660,716762,0.2838,1.0000
2008-05-01,47.3000,47.3000,45.5200,46.1000,20.8279,689315,0.0000,1.0000
2008-04-30,41.8300,46.2300,41.8300,45.4900,20.5523,803261,0.0000,1.0000
2008-04-29,42.0500,42.2600,41.4200,41.5500,18.7722,269448,0.0000,1.0000
2008-04-28,43.1300,43.4800,42.2801,42.4700,19.1878,185192,0.0000,1.0000
2008-04-25,43.0000,43.0600,42.2700,42.9100,19.3866,382796,0.0000,1.0000
2008-04-24,44.0900,44.3600,42.9900,43.1100,19.4770,486062,0.0000,1.0000
2008-04-23,45.0000,45.0000,44.0000,44.2500,19.9920,332626,0.0000,1.0000
2008-04-22,45.9700,45.9700,44.6300,45.0000,20.3309,280368,0.0000,1.0000
2008-04-21,45.5000,45.9900,45.3800,45.8900,20.7330,272239,0.0000,1.0000
2008-04-18,45.6100,45.8300,45.2500,45.4500,20.5342,382686,0.0000,1.0000
2008-04-17,45.4800,46.0700,45.4100,45.7800,20.6833,242990,0.0000,1.0000
2008-04-16,43.8500,45.8800,43.8400,45.4800,20.5477,481947,0.0000,1.0000
2008-04-15,42.8800,43.8000,42.7900,43.6600,19.7255,454427,0.0000,1.0000
2008-04-14,41.1800,43.4300,41.1100,42.7000,19.2917,540395,0.0000,1.0000
2008-04-11,42.5000,43.0800,41.4300,41.6300,18.8083,405883,0.0000,1.0000
2008-04-10,42.6300,42.8800,41.8200,42.7900,19.3324,312450,0.0000,1.0000
2008-04-09,42.8500,42.9600,41.9900,42.4300,19.1698,167700,0.0000,1.0000
2008-04-08,42.5000,43.5500,42.4000,43.1000,19.4725,147000,0.0000,1.0000
2008-04-07,43.1200,43.6000,42.6800,42.8800,19.3731,264770,0.0000,1.0000
2008-04-04,42.2500,43.3200,42.2500,43.1200,19.4815,351000,0.0000,1.0000
2008-04-03,42.4600,42.8000,41.7400,42.3200,19.1201,293400,0.0000,1.0000
2008-04-02,42.6000,42.9900,42.0300,42.6900,19.2872,351041,0.0000,1.0000
2008-04-01,41.5000,42.3600,41.4400,42.3000,19.1110,249644,0.0000,1.0000
2008-03-31,39.9100,41.3100,39.7300,40.9400,18.4966,274700,0.0000,1.0000
2008-03-28,40.5500,41.2800,39.9300,40.5000,18.2978,222900,0.0000,1.0000
2008-03-27,42.2200,42.4100,40.0500,40.3400,18.2255,208400,0.0000,1.0000
2008-03-26,40.6200,42.2400,40.6200,41.8400,18.9032,285700,0.0000,1.0000
2008-03-25,40.9000,41.6300,40.4500,41.3600,18.6863,252000,0.0000,1.0000
2008-03-24,39.8400,41.5600,39.6700,40.9400,18.4966,207316,0.0000,1.0000
2008-03-20,39.7300,40.4600,38.4300,40.3000,18.2074,549844,0.0000,1.0000
2008-03-19,41.5200,41.6200,39.2600,39.2800,17.7466,489000,0.0000,1.0000
2008-03-18,42.9600,42.9800,40.6100,41.8500,18.9077,522950,0.0000,1.0000
2008-03-17,40.5000,42.4400,40.0100,41.5200,18.7586,365300,0.0000,1.0000
2008-03-14,43.5000,43.5000,40.4100,41.6800,18.8309,364100,0.0000,1.0000
2008-03-13,41.3300,42.8700,40.6000,42.3200,19.1201,369301,0.0000,1.0000
2008-03-12,41.9900,43.1800,41.9900,42.3300,19.1246,300111,0.0000,1.0000
2008-03-11,42.0000,43.0800,41.1000,42.5200,19.2104,430300,0.0000,1.0000
2008-03-10,41.8000,41.8000,40.4300,40.6300,18.3565,462500,0.0000,1.0000
2008-03-07,41.7500,42.7500,41.3900,41.4300,18.7180,441400,0.0000,1.0000
2008-03-06,44.1500,44.2900,42.1600,42.3200,19.1201,372350,0.0000,1.0000
2008-03-05,45.9300,45.9300,43.9100,44.5500,20.1276,1108823,0.0000,1.0000
2008-03-04,43.7700,44.4300,42.7000,43.9100,19.8384,580210,0.0000,1.0000
2008-03-03,43.9900,44.3600,43.3900,43.8500,19.8113,671300,0.0000,1.0000
2008-02-29,43.7400,44.1400,42.7600,43.3900,19.6035,763913,0.0000,1.0000
2008-02-28,43.5500,44.8000,43.2200,43.9400,19.8520,608528,0.0000,1.0000
2008-02-27,41.4900,43.0100,41.1500,42.9300,19.3957,635960,0.0000,1.0000
2008-02-26,41.1900,41.6100,40.6200,41.4300,18.7180,389100,0.0000,1.0000
2008-02-25,39.9300,41.1900,39.9300,41.0000,18.5237,393474,0.0000,1.0000
2008-02-22,39.6100,40.8900,39.6100,40.4600,18.2797,987900,0.0000,1.0000
2008-02-21,39.7700,40.3400,39.5500,39.9900,18.0674,693400,0.0000,1.0000
2008-02-20,37.1100,39.4600,36.9100,39.3200,17.7647,266000,0.0000,1.0000
2008-02-19,38.8000,38.9100,37.1400,37.4200,16.9063,333900,0.0000,1.0000
2008-02-15,38.1900,38.1900,36.4900,36.9900,16.7120,613600,0.0000,1.0000
2008-02-14,37.7800,38.6000,37.4100,37.7300,17.0463,510500,0.0000,1.0000
2008-02-13,37.6500,38.0000,36.9200,37.4100,16.9017,434150,0.0000,1.0000
2008-02-12,38.3700,38.9800,37.1400,37.4500,16.9198,762200,0.0000,1.0000
2008-02-11,35.9200,37.4700,35.6000,37.4700,16.9288,187000,0.0000,1.0000
2008-02-08,35.6300,36.1500,34.8800,35.4900,16.0343,236765,0.0000,1.0000
2008-02-07,36.1100,36.5300,35.4400,36.2400,16.3731,244200,0.0000,1.0000
2008-02-06,36.4400,37.4800,36.0900,36.4500,16.4680,177100,0.0000,1.0000
2008-02-05,37.9400,38.0000,36.0400,36.2600,16.3822,215080,0.0000,1.0000
2008-02-04,38.3700,38.5100,37.8200,38.2800,17.2948,158100,0.0000,1.0000
2008-02-01,36.1100,38.6800,36.1100,38.1900,17.2541,778450,0.0000,1.0000
2008-01-31,34.7800,37.2700,34.0700,36.4600,16.4725,691200,0.0000,1.0000
2008-01-30,34.2200,36.4600,34.1500,35.2200,15.9123,458700,0.0000,1.0000
2008-01-29,34.5300,34.7300,33.6100,34.2500,15.4741,353850,0.0000,1.0000
2008-01-28,33.5600,34.6300,33.2700,34.1800,15.4424,434200,0.0000,1.0000
2008-01-25,35.4000,35.4700,33.0000,33.1500,14.9771,195400,0.0000,1.0000
2008-01-24,32.9300,34.3100,32.6000,33.9700,15.3476,362300,0.0000,1.0000
2008-01-23,30.9300,33.2200,30.5000,33.1500,14.9771,506800,0.0000,1.0000
2008-01-22,30.5200,32.1400,30.4900,31.6500,14.2994,626200,0.0000,1.0000
2008-01-18,33.6000,33.7000,31.6100,32.1800,14.5388,426200,0.0000,1.0000
2008-01-17,35.5000,35.6600,33.0300,33.1800,14.9906,450400,0.0000,1.0000
2008-01-16,35.3600,35.4600,34.4600,34.9300,15.7813,640400,0.0000,1.0000
2008-01-15,34.6600,34.8400,34.0000,34.3600,15.5238,210700,0.0000,1.0000
2008-01-14,35.9400,35.9400,35.0600,35.3400,15.9665,321700,0.0000,1.0000
2008-01-11,36.0000,36.1100,35.1200,35.5000,16.0388,324600,0.0000,1.0000
2008-01-10,35.3200,36.6200,35.0900,36.0700,16.2963,388600,0.0000,1.0000
2008-01-09,35.2600,36.2400,34.9800,36.2300,16.3686,506900,0.0000,1.0000
2008-01-08,35.1000,36.0200,34.8700,34.9000,15.7677,520600,0.0000,1.0000
2008-01-07,35.0000,35.1800,34.0900,34.4700,15.5735,655000,0.0000,1.0000
2008-01-04,35.8700,35.8700,34.7500,34.8800,15.7587,361700,0.0000,1.0000
2008-01-03,36.9900,37.2500,36.5700,36.6900,16.5764,172900,0.0000,1.0000
2008-01-02,37.8200,37.9100,36.5500,36.8300,16.6397,380500,0.0000,1.0000
2007-12-31,36.7600,37.3400,36.7000,36.9600,16.6984,186000,0.0000,1.0000
2007-12-28,37.4400,38.1500,35.9600,36.8700,16.6578,519700,0.0000,1.0000
2007-12-27,37.1600,37.7100,36.9700,37.0000,16.7165,165600,0.0000,1.0000
2007-12-26,37.1100,37.7600,36.7300,37.5200,16.9514,144200,0.0000,1.0000
2007-12-24,36.7300,37.0900,36.6500,36.9000,16.6713,61700,0.0000,1.0000
2007-12-21,36.2600,36.9200,36.2200,36.7100,16.5855,263300,0.0000,1.0000
2007-12-20,36.1600,36.3500,35.6600,36.1500,16.3325,308500,0.0000,1.0000
2007-12-19,35.7600,36.3200,35.2100,35.6400,16.1021,387300,0.0000,1.0000
2007-12-18,36.8700,37.0400,35.0000,35.8000,16.1743,455900,0.0000,1.0000
2007-12-17,37.3600,37.6100,35.9900,36.4300,16.4590,309700,0.0000,1.0000
2007-12-14,38.1300,38.8800,37.3000,37.8700,17.1096,821000,0.0000,1.0000
2007-12-13,38.9500,39.4300,38.2300,38.5900,17.4349,690401,0.0000,1.0000
2007-12-12,38.7200,40.5900,38.7200,39.6800,17.9273,927700,0.0000,1.0000
2007-12-11,39.0000,39.8700,37.4100,37.5900,16.9831,955535,0.0000,1.0000
2007-12-10,37.0600,37.9900,36.9500,37.5100,16.9469,1167800,0.0000,1.0000
2007-12-07,34.8300,38.1900,34.7700,37.3800,16.8882,1110600,0.0000,1.0000
2007-12-06,34.4500,35.3000,34.3600,35.2700,15.9349,271900,0.0000,1.0000
2007-12-05,34.0900,34.7600,34.0900,34.4400,15.5599,257600,0.0000,1.0000
2007-12-04,32.7700,33.4000,32.4100,33.1000,14.9545,209100,0.0000,1.0000
2007-12-03,33.2600,33.7600,33.0100,33.3500,15.0674,198400,0.0000,1.0000
2007-11-30,33.8300,34.1000,32.7600,33.0200,14.9183,255856,0.0000,1.0000
2007-11-29,32.0400,33.3700,31.9600,32.9400,14.8822,475300,0.0000,1.0000
2007-11-28,31.6500,32.7500,31.2100,32.5100,14.6879,325500,0.0000,1.0000
2007-11-27,30.1200,30.6600,29.8300,30.3100,13.6940,220900,0.0000,1.0000
2007-11-26,30.9500,31.3200,29.6400,29.8300,13.4771,489700,0.0000,1.0000
2007-11-23,31.2500,31.5700,31.0600,31.4000,14.1864,76200,0.0000,1.0000
2007-11-21,32.9000,32.9000,31.3000,31.6500,14.2994,455900,0.0000,1.0000
2007-11-20,33.5700,34.7000,33.3800,33.9200,15.3250,195500,0.0000,1.0000
2007-11-19,33.8500,34.4000,33.2300,33.3700,15.0765,397000,0.0000,1.0000
2007-11-16,34.3500,34.8200,33.4200,34.5000,15.5870,367490,0.0000,1.0000
2007-11-15,33.6600,33.9700,32.9600,33.3100,15.0494,237500,0.0000,1.0000
2007-11-14,34.4000,34.4000,33.5700,33.7000,15.2256,504000,0.0000,1.0000
2007-11-13,33.9000,35.0000,33.3500,34.8900,15.7632,579697,0.0000,1.0000
2007-11-12,33.1700,33.4000,30.7600,30.9000,13.9605,784400,0.0000,1.0000
2007-11-09,32.4600,33.6500,32.3500,33.4100,15.0945,327900,0.0000,1.0000
2007-11-08,34.0400,34.1500,32.4100,33.1500,14.9771,421300,0.0000,1.0000
2007-11-07,34.0300,34.5000,33.4400,33.5100,15.1397,621900,0.0000,1.0000
2007-11-06,33.7000,34.5000,33.6300,34.5000,15.5870,455400,0.0000,1.0000
2007-11-05,31.1500,32.6600,31.1300,32.3100,14.5976,419400,0.0000,1.0000
2007-11-02,31.5400,31.6600,30.9200,31.4400,14.2045,141800,0.0000,1.0000
2007-11-01,31.5000,32.1400,31.0800,31.2600,14.1232,325100,0.0000,1.0000
2007-10-31,31.7300,32.5300,31.2000,32.1800,14.5388,394400,0.0000,1.0000
2007-10-30,31.4800,31.8500,31.1800,31.4800,14.2226,313900,0.0000,1.0000
2007-10-29,31.4900,31.7300,31.0100,31.3400,14.1593,392000,0.0000,1.0000
2007-10-26,30.7700,30.9600,29.8600,30.9000,13.9605,321300,0.0000,1.0000
2007-10-25,30.9900,30.9900,29.8200,30.2400,13.6623,534100,0.0000,1.0000
2007-10-24,31.1000,31.5200,30.3600,31.0900,14.0464,334500,0.0000,1.0000
2007-10-23,31.6600,31.6900,30.9800,31.4000,14.1864,239100,0.0000,1.0000
2007-10-22,30.3000,31.3600,30.1900,30.8000,13.9154,558400,0.0000,1.0000
2007-10-19,32.2400,32.2700,30.5000,30.5800,13.8160,378600,0.0000,1.0000
2007-10-18,31.3100,32.3300,31.1100,32.2800,14.5840,235800,0.0000,1.0000
2007-10-17,32.4900,32.5900,31.1000,31.4700,14.2181,500000,0.0000,1.0000
2007-10-16,32.7500,32.8500,32.0100,32.3200,14.6021,246500,0.0000,1.0000
2007-10-15,33.8500,33.9700,32.7500,33.0000,14.9093,558000,0.0000,1.0000
2007-10-12,33.5400,34.3100,33.3300,33.8700,15.3024,323100,0.0000,1.0000
2007-10-11,33.6200,34.3600,32.9500,33.1900,14.9952,784900,0.0000,1.0000
2007-10-10,32.6200,33.4200,32.4000,33.3800,15.0810,690480,0.0000,1.0000
2007-10-09,32.2400,32.5900,31.9400,32.4400,14.6563,1032400,0.0000,1.0000
2007-10-08,30.5500,31.6000,30.2700,31.3900,14.1819,360000,0.0000,1.0000
2007-10-05,29.6900,30.4600,28.8000,30.1700,13.6307,496200,0.0000,1.0000
2007-10-04,30.5000,30.7100,29.7100,29.7300,13.4319,445700,0.0000,1.0000
2007-10-03,30.7300,30.9300,30.2000,30.2600,13.6714,314500,0.0000,1.0000
2007-10-02,30.9200,30.9200,30.2000,30.6500,13.8476,465200,0.0000,1.0000
2007-10-01,30.6900,31.2900,30.5600,31.0700,14.0373,936600,0.0000,1.0000
2007-09-28,30.8600,30.9100,30.2400,30.3200,13.6985,482200,0.0000,1.0000
2007-09-27,31.4000,31.4800,30.3900,30.8600,13.9425,543500,0.0000,1.0000
2007-09-26,31.1100,31.1100,30.6600,30.8900,13.9560,406473,0.0000,1.0000
2007-09-25,30.1500,30.7600,29.9500,30.6600,13.8521,146200,0.0000,1.0000
2007-09-24,30.7000,31.0200,30.2100,30.4800,13.7708,877900,0.0000,1.0000
2007-09-21,29.7000,30.1900,29.5600,30.1000,13.5991,258100,0.0000,1.0000
2007-09-20,30.2100,30.4600,29.1000,29.2200,13.2015,321900,0.0000,1.0000
2007-09-19,30.4800,30.9100,29.7100,30.0000,13.5539,429100,0.0000,1.0000
2007-09-18,29.5700,30.5300,28.7600,29.9000,13.5087,527400,0.0000,1.0000
2007-09-17,29.6500,29.6500,28.5700,28.8600,13.0389,267000,0.0000,1.0000
2007-09-14,29.8000,30.5100,29.3900,29.8300,13.4771,407500,0.0000,1.0000
2007-09-13,29.8600,30.6600,29.7500,30.0000,13.5539,330200,0.0000,1.0000
2007-09-12,29.8000,29.9300,29.0000,29.0900,13.1428,331300,0.0000,1.0000
2007-09-11,29.8500,30.2400,29.0600,29.5100,13.3325,369500,0.0000,1.0000
2007-09-10,29.8500,29.8500,28.4600,29.2200,13.2015,314900,0.0000,1.0000
2007-09-07,28.8000,29.7300,27.7200,29.2100,13.1970,312200,0.0000,1.0000
2007-09-06,30.7900,30.9200,30.2000,30.2400,13.6623,363700,0.0000,1.0000
2007-09-05,30.9800,31.3400,29.7800,30.1700,13.6307,764900,0.0000,1.0000
2007-09-04,32.3400,32.7600,31.4300,31.5500,14.2542,424400,0.0000,1.0000
2007-08-31,31.8000,32.3000,31.6900,32.1300,14.5162,268800,0.0000,1.0000
2007-08-30,31.0000,31.8900,30.7900,31.1400,14.0690,272800,0.0000,1.0000
2007-08-29,30.8200,31.9000,30.4800,31.7600,14.3491,284300,0.0000,1.0000
2007-08-28,31.9000,31.9900,30.0000,30.1900,13.6398,350300,0.0000,1.0000
2007-08-27,32.6500,32.6500,31.7700,32.0500,14.4801,215800,0.0000,1.0000
2007-08-24,30.4700,32.9100,30.3900,32.5900,14.7241,612500,0.0000,1.0000
2007-08-23,30.4400,30.6400,29.4700,30.4000,13.7346,455000,0.0000,1.0000
2007-08-22,29.3500,30.4400,29.0200,30.3200,13.6985,378300,0.0000,1.0000
2007-08-21,28.4000,29.5400,28.2100,28.5000,12.8762,339300,0.0000,1.0000
2007-08-20,29.5000,29.5300,27.6300,28.7000,12.9666,338800,0.0000,1.0000
2007-08-17,28.6700,29.6700,27.6000,29.1500,13.1699,593600,0.0000,1.0000
2007-08-16,27.0400,28.4400,25.5400,27.5000,12.4244,1251100,0.0000,1.0000
2007-08-15,32.9600,33.1300,30.0900,30.1000,13.5991,1043800,0.0000,1.0000
2007-08-14,34.7600,35.0400,33.0300,33.5000,15.1352,519000,0.0000,1.0000
2007-08-13,37.2100,37.2100,35.2200,35.3900,15.9891,408000,0.0000,1.0000
2007-08-10,35.3100,36.6000,34.8200,36.4100,16.4499,444200,0.0000,1.0000
2007-08-09,35.5000,37.0900,35.5000,36.4900,16.4861,354000,0.0000,1.0000
2007-08-08,37.1200,39.0000,36.8000,37.5000,16.9424,484500,0.0000,1.0000
2007-08-07,35.8400,36.9000,35.5000,36.4500,16.4680,397700,0.0000,1.0000
2007-08-06,35.4200,36.1300,34.6600,36.0600,16.2918,406900,0.0000,1.0000
2007-08-03,37.8000,38.0000,35.3400,35.4100,15.9981,360000,0.0000,1.0000
2007-08-02,38.0800,38.3500,37.4600,37.8700,17.1096,288200,0.0000,1.0000
2007-08-01,37.1500,37.6500,36.7100,37.3300,16.8656,363000,0.0000,1.0000
2007-07-31,38.6300,38.9900,37.0800,37.1800,16.7978,286400,0.0000,1.0000
2007-07-30,36.2600,38.1700,36.2000,37.8200,17.0870,567400,0.0000,1.0000
2007-07-27,37.2900,37.4400,36.2100,36.3600,16.4273,732000,0.0000,1.0000
2007-07-26,37.7000,38.1300,34.7400,37.1700,16.7933,1111000,0.0000,1.0000
2007-07-25,40.2900,40.7000,38.6000,39.6800,17.9273,429300,0.0000,1.0000
2007-07-24,42.4300,42.5200,39.5400,40.1100,18.1216,394200,0.0000,1.0000
2007-07-23,42.5100,42.7500,42.1800,42.5200,19.2104,354000,0.0000,1.0000
2007-07-20,43.1500,43.2800,41.8800,41.9400,18.9484,529100,0.0000,1.0000
2007-07-19,43.9500,44.0900,43.4000,43.6900,19.7390,276900,0.0000,1.0000
2007-07-18,43.3600,43.7100,42.7100,43.2700,19.5493,377900,0.0000,1.0000
2007-07-17,43.4800,43.6200,42.4200,43.3600,19.5899,593400,0.0000,1.0000
2007-07-16,44.5000,44.5400,42.7400,42.8300,19.3505,410600,0.0000,1.0000
2007-07-13,43.4000,44.0900,42.9400,43.7700,19.7752,992600,0.0000,1.0000
2007-07-12,40.6300,42.2800,40.3300,42.0300,18.9890,462700,0.0000,1.0000
2007-07-11,39.1900,40.4000,38.9600,39.6700,17.9228,389900,0.0000,1.0000
2007-07-10,39.6500,39.6500,38.8700,39.0400,17.6382,275900,0.0000,1.0000
2007-07-09,40.0100,40.2100,39.5800,39.8600,18.0086,277800,0.0000,1.0000
2007-07-06,39.5000,40.5800,39.4000,40.0800,18.1080,347900,0.0000,1.0000
2007-07-05,38.2100,39.1000,38.1000,39.0300,17.6336,339100,0.0000,1.0000
2007-07-03,38.7000,39.3100,38.7000,39.0800,17.6562,122700,0.0000,1.0000
2007-07-02,39.2600,39.2700,38.3500,38.8500,17.5523,322000,0.0000,1.0000
2007-06-29,39.8500,39.8600,38.4200,38.6500,17.4620,403400,0.0000,1.0000
2007-06-28,38.5300,39.5000,38.4100,39.3000,17.7556,268500,0.0000,1.0000
2007-06-27,36.8400,38.0600,36.8400,37.9600,17.1502,284900,0.0000,1.0000
2007-06-26,38.5000,38.5000,36.8800,37.4000,16.8972,322400,0.0000,1.0000
2007-06-25,37.9000,38.7200,37.3500,37.7800,17.0689,357100,0.0000,1.0000
2007-06-22,38.2900,38.4600,37.6100,37.7300,17.0463,327700,0.0000,1.0000
2007-06-21,38.7000,39.2200,38.3200,39.0600,17.6472,491800,0.0000,1.0000
2007-06-20,39.8000,39.9300,38.5000,38.5800,17.4303,240800,0.0000,1.0000
2007-06-19,39.6900,40.1000,39.6600,39.7500,17.9589,476400,0.0000,1.0000
2007-06-18,40.1800,40.2400,39.0700,39.9500,18.0493,388800,0.0000,1.0000
2007-06-15,39.7000,40.5600,39.5900,40.1700,18.1487,749500,0.0000,1.0000
2007-06-14,37.5900,39.3400,37.5900,39.2100,17.7150,973300,0.0000,1.0000
2007-06-13,36.1800,37.6000,35.9000,37.0800,16.7526,640000,0.0000,1.0000
2007-06-12,35.4000,36.2600,35.3100,35.7100,16.1337,625100,0.0000,1.0000
2007-06-11,34.7400,35.5900,34.5200,35.5800,16.0749,320600,0.0000,1.0000
2007-06-08,33.3500,34.8500,33.1500,34.6900,15.6728,359200,0.0000,1.0000
2007-06-07,34.0000,34.3500,33.1500,33.4100,15.0945,695000,0.0000,1.0000
2007-06-06,33.9700,34.3000,33.8300,34.1000,15.4063,283900,0.0000,1.0000
2007-06-05,34.9600,34.9600,33.9900,34.1700,15.4379,374700,0.0000,1.0000
2007-06-04,34.6900,35.3300,34.6300,34.9700,15.7993,535500,0.0000,1.0000
2007-06-01,34.1800,35.3000,34.1800,35.2700,15.9349,1664000,0.0000,1.0000
2007-05-31,33.4200,34.1100,33.4200,33.7200,15.2346,504700,0.0000,1.0000
2007-05-30,32.5100,33.5900,32.1300,33.3400,15.0629,445500,0.0000,1.0000
2007-05-29,32.9300,33.3800,32.6900,33.0000,14.9093,433800,0.0000,1.0000
2007-05-25,31.8000,32.5100,31.6600,32.5100,14.6879,314900,0.0000,1.0000
2007-05-24,31.7200,32.1000,31.1200,31.2700,14.1277,317000,0.0000,1.0000
2007-05-23,32.7700,32.8100,31.9200,32.0500,14.4801,539300,0.0000,1.0000
2007-05-22,33.0900,33.0900,32.6400,32.7700,14.8054,250900,0.0000,1.0000
2007-05-21,32.7200,33.1700,32.7200,32.8900,14.8596,114700,0.0000,1.0000
2007-05-18,33.0100,33.1800,32.4500,32.8400,14.8370,150200,0.0000,1.0000
2007-05-17,33.1300,33.4200,32.6800,33.1000,14.9545,117200,0.0000,1.0000
2007-05-16,32.1600,33.3300,32.1300,33.3300,15.0584,483900,0.0000,1.0000
2007-05-15,32.6500,32.6600,31.6400,31.9500,14.4349,756500,0.0000,1.0000
2007-05-14,33.2400,33.3800,32.7500,33.0000,14.9093,169700,0.0000,1.0000
2007-05-11,32.0300,33.2200,31.9400,33.1400,14.9726,304600,0.0000,1.0000
2007-05-10,32.5300,32.6400,31.4700,31.9800,14.4485,310500,0.0000,1.0000
2007-05-09,32.1200,32.8600,31.9600,32.6900,14.7693,150800,0.0000,1.0000
2007-05-08,32.3100,32.4100,31.9900,32.3700,14.6247,191200,0.0000,1.0000
2007-05-07,32.9000,33.1000,32.1600,32.3800,14.6292,254100,0.0000,1.0000
2007-05-04,32.7700,33.1000,32.5500,32.8900,14.8596,144000,0.0000,1.0000
2007-05-03,32.6900,32.6900,32.4500,32.5500,14.7060,166900,0.0000,1.0000
2007-05-02,32.2100,32.5100,32.1500,32.2600,14.5750,328700,0.0944,1.0000
2007-05-01,31.9600,32.5600,31.9000,32.1900,14.5009,151900,0.0000,1.0000
2007-04-30,32.3600,32.3600,31.7700,31.8600,14.3523,144300,0.0000,1.0000
2007-04-27,31.6800,32.3500,31.6600,32.1700,14.4919,154900,0.0000,1.0000
2007-04-26,33.0000,33.0500,32.3700,32.4900,14.6361,245600,0.0000,1.0000
2007-04-25,33.4000,33.5600,32.9800,33.1100,14.9154,249000,0.0000,1.0000
2007-04-24,33.2300,33.2400,32.9800,33.0700,14.8973,172600,0.0000,1.0000
2007-04-23,33.0700,33.6800,33.0700,33.2500,14.9784,273000,0.0000,1.0000
2007-04-20,33.6500,33.9000,32.7400,33.3400,15.0190,507400,0.0000,1.0000
2007-04-19,33.0000,34.0400,32.9900,33.4000,15.0460,487200,0.0000,1.0000
2007-04-18,33.2700,33.8100,32.9900,33.6000,15.1361,267300,0.0000,1.0000
2007-04-17,34.0700,34.0700,33.1600,33.2700,14.9874,281500,0.0000,1.0000
2007-04-16,32.5900,33.2700,32.3100,33.1600,14.9379,203200,0.0000,1.0000
2007-04-13,31.9000,32.4500,31.4699,32.4500,14.6180,153600,0.0000,1.0000
2007-04-12,30.8800,31.6500,30.7700,31.6500,14.2577,245900,0.0000,1.0000
2007-04-11,31.8400,31.9400,30.7900,31.0500,13.9874,168200,0.0000,1.0000
2007-04-10,31.6400,32.0800,31.5000,31.9000,14.3703,122100,0.0000,1.0000
2007-04-09,32.0000,32.2900,31.6300,31.6700,14.2667,237800,0.0000,1.0000
2007-04-05,30.9200,31.7500,30.9200,31.6100,14.2396,262700,0.0000,1.0000
2007-04-04,29.9400,31.4100,29.5600,30.9100,13.9243,339000,0.0000,1.0000
2007-04-03,29.1300,30.1900,29.1300,29.9400,13.4873,124800,0.0000,1.0000
2007-04-02,28.7900,28.9200,28.3800,28.8700,13.0053,242000,0.0000,1.0000
2007-03-30,29.0000,29.3700,28.7800,28.8900,13.0143,158900,0.0000,1.0000
2007-03-29,28.9600,29.5500,28.8300,29.3500,13.2216,241600,0.0000,1.0000
2007-03-28,29.0000,29.1100,28.3400,28.7400,12.9468,151800,0.0000,1.0000
2007-03-27,29.5300,29.5300,28.8800,29.1000,13.1089,269700,0.0000,1.0000
2007-03-26,30.2000,30.2000,29.3000,29.5300,13.3026,141200,0.0000,1.0000
2007-03-23,29.8500,30.0700,29.4300,29.7400,13.3972,181700,0.0000,1.0000
2007-03-22,30.5000,30.7200,29.6000,30.0000,13.5144,442900,0.0000,1.0000
2007-03-21,29.8800,30.3200,29.1000,30.0000,13.5144,447700,0.0000,1.0000
2007-03-20,29.6000,29.6900,29.3700,29.5800,13.3252,195300,0.0000,1.0000
2007-03-19,28.8700,29.6800,28.8600,29.1800,13.1450,336700,0.0000,1.0000
2007-03-16,28.6000,28.8700,28.2100,28.6200,12.8927,507800,0.0000,1.0000
2007-03-15,28.0500,28.5000,27.8500,28.5000,12.8386,314900,0.0000,1.0000
2007-03-14,28.0000,28.5000,27.1000,28.0500,12.6359,215700,0.0000,1.0000
2007-03-13,28.7500,29.0900,28.0000,28.0000,12.6134,100400,0.0000,1.0000
2007-03-12,29.2500,29.4700,29.0000,29.1800,13.1450,125200,0.0000,1.0000
2007-03-09,29.5000,30.0900,29.1400,29.3000,13.1990,356400,0.0000,1.0000
2007-03-08,29.0000,29.3300,28.7500,28.9900,13.0594,270800,0.0000,1.0000
2007-03-07,28.5000,29.0300,28.3400,28.4600,12.8206,212300,0.0000,1.0000
2007-03-06,28.7200,29.1100,28.5200,28.5900,12.8792,359000,0.0000,1.0000
2007-03-05,27.8900,28.3800,27.7000,27.8300,12.5368,191000,0.0000,1.0000
2007-03-02,29.0900,29.5000,28.5100,28.5100,12.8432,235900,0.0000,1.0000
2007-03-01,28.3000,29.8000,28.0500,29.5400,13.3071,259800,0.0000,1.0000
2007-02-28,29.4000,30.1900,28.9900,29.8300,13.4378,229300,0.0000,1.0000
2007-02-27,30.5300,30.8500,28.9800,29.2400,13.1720,427200,0.0000,1.0000
2007-02-26,32.0400,32.1500,31.7100,31.8900,14.3658,74200,0.0000,1.0000
2007-02-23,31.8100,32.0000,31.6800,31.8600,14.3523,148900,0.0000,1.0000
2007-02-22,31.8200,32.0400,31.5100,31.8000,14.3252,111000,0.0000,1.0000
2007-02-21,31.7200,31.9100,31.5100,31.7000,14.2802,75200,0.0000,1.0000
2007-02-20,31.5600,31.7300,31.4200,31.7300,14.2937,49500,0.0000,1.0000
2007-02-16,31.6400,31.6400,31.2500,31.5400,14.2081,200500,0.0000,1.0000
2007-02-15,32.6500,32.7600,31.5500,31.8600,14.3523,227000,0.0000,1.0000
2007-02-14,31.5400,32.5900,31.4200,32.4000,14.5955,252430,0.0000,1.0000
2007-02-13,31.5000,31.7900,31.0500,31.7900,14.3207,187700,0.0000,1.0000
2007-02-12,31.8000,31.8500,30.9600,31.1000,14.0099,141609,0.0000,1.0000
2007-02-09,32.1100,32.5300,31.7700,32.0300,14.4288,176200,0.0000,1.0000
2007-02-08,32.3200,32.6700,32.0700,32.5200,14.6496,64300,0.0000,1.0000
2007-02-07,32.9700,33.1200,32.7200,32.8800,14.8117,193000,0.0000,1.0000
2007-02-06,33.1100,33.3000,32.7400,33.0700,14.8973,76600,0.0000,1.0000
2007-02-05,33.0500,33.4600,32.6000,33.3600,15.0280,150100,0.0000,1.0000
2007-02-02,33.3400,33.5500,32.5200,32.9800,14.8568,172000,0.0000,1.0000
2007-02-01,33.0000,33.7600,32.9700,33.6700,15.1676,148500,0.0000,1.0000
2007-01-31,32.2500,33.3000,31.9000,32.9500,14.8433,106600,0.0000,1.0000
2007-01-30,31.5500,32.1700,31.4200,32.1500,14.4829,131100,0.0000,1.0000
2007-01-29,31.6900,31.9600,31.3200,31.4300,14.1586,213500,0.0000,1.0000
2007-01-26,32.3100,32.3100,31.5400,31.9500,14.3928,177300,0.0000,1.0000
2007-01-25,32.4000,32.6300,31.9800,32.3700,14.5820,133600,0.0000,1.0000
2007-01-24,32.5700,32.5700,32.2000,32.4900,14.6361,100200,0.0000,1.0000
2007-01-23,32.6000,32.7800,32.3600,32.4700,14.6270,169400,0.0000,1.0000
2007-01-22,32.7000,32.8600,32.1500,32.8500,14.7982,98000,0.0000,1.0000
2007-01-19,32.5000,32.5500,32.1400,32.4900,14.6361,111000,0.0000,1.0000
2007-01-18,33.2900,33.5000,32.4300,32.4900,14.6361,106200,0.0000,1.0000
2007-01-17,33.0000,33.2300,32.5400,33.0400,14.8838,188200,0.0000,1.0000
2007-01-16,32.8900,33.1200,32.5700,33.0700,14.8973,99200,0.0000,1.0000
2007-01-12,33.1100,33.2700,32.7401,33.0900,14.9063,83200,0.0000,1.0000
2007-01-11,32.5500,34.1400,32.5500,33.3400,15.0190,276600,0.0000,1.0000
2007-01-10,31.6000,32.7000,31.5100,32.5800,14.6766,181300,0.0000,1.0000
2007-01-09,33.6500,33.6500,31.7600,32.0500,14.4378,326800,0.0000,1.0000
2007-01-08,32.9500,33.6000,32.1700,33.3800,15.0370,265400,0.0000,1.0000
2007-01-05,34.1600,34.2200,32.5100,32.9500,14.8433,223100,0.0000,1.0000
2007-01-04,34.1300,34.3500,33.5400,34.1800,15.3974,182100,0.0000,1.0000
2007-01-03,34.7500,34.8600,34.1100,34.3300,15.4649,174100,0.0000,1.0000
2006-12-29,34.3500,34.5100,34.0500,34.1700,15.3929,84800,0.0000,1.0000
2006-12-28,35.2000,35.2500,34.1800,34.6000,15.5866,171100,0.0000,1.0000
2006-12-27,34.5000,34.9800,34.1800,34.6000,15.5866,511900,0.0000,1.0000
2006-12-26,34.5900,34.8300,34.1100,34.1900,15.4019,234900,0.0000,1.0000
2006-12-22,34.8500,34.9100,34.2500,34.4900,15.5370,99800,0.0000,1.0000
2006-12-21,34.7700,34.9000,34.3800,34.5200,15.5505,175600,0.0000,1.0000
2006-12-20,35.1500,35.3100,34.7500,35.0200,15.7758,124000,0.0000,1.0000
2006-12-19,34.4800,35.7500,34.0100,34.9000,15.7217,378200,0.0000,1.0000
2006-12-18,35.0000,35.2000,34.4500,34.7500,15.6541,382300,0.0000,1.0000
2006-12-15,33.9500,34.4400,33.7500,34.3600,15.4785,365300,0.0000,1.0000
2006-12-14,31.8300,32.4200,31.8300,32.4200,14.6045,195400,0.0000,1.0000
2006-12-13,31.6000,31.7500,31.0200,31.2400,14.0730,99500,0.0000,1.0000
2006-12-12,31.1500,31.8000,30.8000,31.3000,14.1000,258200,0.0000,1.0000
2006-12-11,31.5800,31.5800,31.2000,31.2800,14.0910,109500,0.0000,1.0000
2006-12-08,31.4600,31.7600,31.0000,31.5900,14.2306,154700,0.0000,1.0000
2006-12-07,31.7900,32.2000,31.0800,31.2400,14.0730,294100,0.0000,1.0000
2006-12-06,32.3700,32.6800,31.8300,32.0500,14.4378,294600,0.0000,1.0000
2006-12-05,31.4200,32.6400,31.4200,32.6400,14.7036,322200,0.0000,1.0000
2006-12-04,30.5300,31.5000,30.5100,31.4600,14.1721,136000,0.0000,1.0000
2006-12-01,30.9900,31.1100,30.3200,30.5300,13.7531,89500,0.0000,1.0000
2006-11-30,30.8200,31.4100,30.3700,31.0200,13.9739,230600,0.0000,1.0000
2006-11-29,30.8300,31.4600,30.5700,30.8200,13.8838,571700,0.0000,1.0000
2006-11-28,30.4900,30.9400,30.1300,30.7500,13.8522,150000,0.0000,1.0000
2006-11-27,31.6500,31.6500,30.0300,30.1900,13.6000,327000,0.0000,1.0000
2006-11-24,31.1000,32.1400,31.0800,31.8500,14.3478,155000,0.0000,1.0000
2006-11-22,31.2300,31.3400,30.3900,30.6900,13.8252,236500,0.0000,1.0000
2006-11-21,31.0800,31.3100,30.7700,31.2300,14.0685,79600,0.0000,1.0000
2006-11-20,30.9300,30.9800,30.5500,30.6500,13.8072,64200,0.0000,1.0000
2006-11-17,30.9800,31.4000,30.7600,30.8500,13.8973,303400,0.0000,1.0000
2006-11-16,31.6200,31.7500,31.1600,31.2000,14.0549,155000,0.0000,1.0000
2006-11-15,30.6000,31.9800,30.6000,31.7400,14.2982,139900,0.0000,1.0000
2006-11-14,31.0600,31.0800,30.2800,31.0300,13.9784,175200,0.0000,1.0000
2006-11-13,30.1000,30.7900,30.1000,30.5800,13.7756,205000,0.0000,1.0000
2006-11-10,30.6400,30.6400,29.9500,30.4000,13.6946,407600,0.0000,1.0000
2006-11-09,31.2500,31.5900,30.2000,30.6400,13.8027,679700,0.0000,1.0000
2006-11-08,31.7500,32.9900,31.6700,32.4100,14.6000,453100,0.0000,1.0000
2006-11-07,30.6300,31.4400,30.4300,31.0800,14.0009,246100,0.0000,1.0000
2006-11-06,29.4500,30.6500,29.4100,30.4300,13.7081,202700,0.0000,1.0000
2006-11-03,29.7000,29.8500,29.2300,29.6300,13.3477,205700,0.0000,1.0000
2006-11-02,29.5400,29.5500,29.2000,29.4500,13.2666,128000,0.0000,1.0000
2006-11-01,30.0300,30.1400,29.5300,29.7900,13.4198,113900,0.0000,1.0000
2006-10-31,29.6000,30.0100,29.5000,29.8700,13.4558,120900,0.0000,1.0000
2006-10-30,29.0000,29.3800,28.7000,29.2000,13.1540,300700,0.0000,1.0000
2006-10-27,30.0000,30.0000,29.4100,29.6600,13.3612,412200,0.0000,1.0000
2006-10-26,30.2100,30.2900,29.8600,30.2100,13.6090,219900,0.0000,1.0000
2006-10-25,30.1000,30.3700,29.9200,30.2000,13.6045,223300,0.0000,1.0000
2006-10-24,30.0800,30.2500,29.7000,29.9900,13.5099,220600,0.0000,1.0000
2006-10-23,29.7000,30.4900,29.6500,30.0500,13.5369,319800,0.0000,1.0000
2006-10-20,29.9200,30.3100,29.5500,30.1400,13.5774,193900,0.0000,1.0000
2006-10-19,30.0000,30.5900,29.1800,30.4200,13.7036,508700,0.0000,1.0000
2006-10-18,29.7500,31.1800,29.7000,30.8600,13.9018,946800,0.0000,1.0000
2006-10-17,28.1900,29.4400,28.1000,29.1500,13.1315,640400,0.0000,1.0000
2006-10-16,27.4200,27.8800,27.2000,27.8100,12.5278,275200,0.0000,1.0000
2006-10-13,27.5900,27.7000,27.2800,27.3800,12.3341,392700,0.0000,1.0000
2006-10-12,27.0500,27.6500,26.9100,27.6000,12.4332,108800,0.0000,1.0000
2006-10-11,27.0500,27.3400,26.8500,26.9900,12.1584,277400,0.0000,1.0000
2006-10-10,27.4000,27.6500,27.0100,27.1900,12.2485,154600,0.0000,1.0000
2006-10-09,26.7500,27.4500,26.6200,27.3500,12.3206,158500,0.0000,1.0000
2006-10-06,27.3300,27.3300,26.5900,26.6000,11.9827,229000,0.0000,1.0000
2006-10-05,27.6000,27.8800,26.8200,27.6700,12.4648,291100,0.0000,1.0000
2006-10-04,26.1500,27.8200,26.1500,27.5300,12.4017,306600,0.0000,1.0000
2006-10-03,26.0500,26.5200,26.0000,26.2300,11.8161,289300,0.0000,1.0000
2006-10-02,26.2400,26.4300,26.0000,26.1500,11.7800,414000,0.0000,1.0000
2006-09-29,26.1000,26.1400,25.6500,26.0100,11.7170,410200,0.0000,1.0000
2006-09-28,26.1300,26.3200,25.9900,26.1400,11.7755,315300,0.0000,1.0000
2006-09-27,26.2000,26.4500,25.9100,26.1400,11.7755,274400,0.0000,1.0000
2006-09-26,26.2900,26.7600,26.1000,26.4300,11.9062,432500,0.0000,1.0000
2006-09-25,25.6000,26.1600,25.1500,25.9400,11.6854,329000,0.0000,1.0000
2006-09-22,25.4200,25.7500,25.1000,25.7400,11.5953,380100,0.0000,1.0000
2006-09-21,25.6000,26.0000,25.0500,25.6100,11.5368,385900,0.0000,1.0000
2006-09-20,27.0000,27.0000,25.4600,25.7500,11.5998,679800,0.0000,1.0000
2006-09-19,27.8200,27.8200,26.6700,26.9300,12.1314,714600,0.0000,1.0000
2006-09-18,27.6000,27.9000,27.6000,27.8900,12.5639,116600,0.0000,1.0000
2006-09-15,27.4100,27.5800,27.3000,27.5500,12.4107,257100,0.0000,1.0000
2006-09-14,27.8800,27.8800,27.4500,27.6400,12.4512,154900,0.0000,1.0000
2006-09-13,27.5800,28.0700,27.5800,27.9800,12.6044,176400,0.0000,1.0000
2006-09-12,27.7200,27.8800,27.5000,27.8300,12.5368,179100,0.0000,1.0000
2006-09-11,27.9500,28.1200,27.2100,27.6800,12.4693,174400,0.0000,1.0000
2006-09-08,27.9000,28.7400,27.9000,28.4500,12.8161,206800,0.0000,1.0000
2006-09-07,28.4900,28.4900,27.8006,28.1000,12.6585,136800,0.0000,1.0000
2006-09-06,28.5100,28.8400,28.2300,28.5000,12.8386,190000,0.0000,1.0000
2006-09-05,29.1500,29.5000,28.6600,28.8100,12.9783,425400,0.0000,1.0000
2006-09-01,27.5000,27.9600,27.4100,27.8400,12.5413,405500,0.0000,1.0000
2006-08-31,27.3300,27.7200,27.0200,27.5600,12.4152,803900,0.0000,1.0000
2006-08-30,27.2000,27.4000,26.8900,27.0900,12.2035,279000,0.0000,1.0000
2006-08-29,26.7200,27.0100,26.2900,26.9500,12.1404,200600,0.0000,1.0000
2006-08-28,26.3500,26.7700,25.8800,26.6500,12.0053,250700,0.0000,1.0000
2006-08-25,25.9900,26.2500,25.8100,26.0500,11.7350,193400,0.0000,1.0000
2006-08-24,26.4700,26.8300,25.8000,25.9900,11.7079,198900,0.0000,1.0000
2006-08-23,26.8700,26.9700,26.2500,26.3800,11.8836,196200,0.0000,1.0000
2006-08-22,27.1200,27.1600,26.7000,26.9800,12.1539,356300,0.0000,1.0000
2006-08-21,27.4400,27.4400,27.0000,27.1600,12.2350,339200,0.0000,1.0000
2006-08-18,27.7800,27.8000,27.0400,27.1900,12.2485,356600,0.0000,1.0000
2006-08-17,27.6000,28.1300,27.4200,27.7000,12.4783,498400,0.0000,1.0000
2006-08-16,28.0300,28.2100,27.3100,27.4900,12.3837,418400,0.0000,1.0000
2006-08-15,27.5200,27.7500,27.1100,27.5700,12.4197,286000,0.0000,1.0000
2006-08-14,27.4500,27.6500,26.8300,27.0300,12.1764,319300,0.0000,1.0000
2006-08-11,27.7500,27.7500,27.1200,27.2900,12.2936,1041900,0.0000,1.0000
2006-08-10,28.1100,28.1100,27.1300,27.2500,12.2755,944900,0.0000,1.0000
2006-08-09,28.9500,29.0000,27.7000,28.1500,12.6810,662300,0.0000,1.0000
2006-08-08,29.8600,30.0000,29.3100,29.3100,13.2035,104500,0.0000,1.0000
2006-08-07,29.6500,29.9000,29.3300,29.8500,13.4468,100000,0.0000,1.0000
2006-08-04,29.9000,30.0500,29.6900,29.9400,13.4873,118000,0.0000,1.0000
2006-08-03,29.6800,29.6800,29.0000,29.4600,13.2711,192600,0.0000,1.0000
2006-08-02,29.7100,30.1000,29.7000,29.8600,13.4513,191300,0.0000,1.0000
2006-08-01,29.5400,29.6100,29.0800,29.4600,13.2711,116400,0.0000,1.0000
2006-07-31,29.9500,30.0500,29.8000,29.9500,13.4918,142000,0.0000,1.0000
2006-07-28,29.6100,30.0800,29.5600,29.9500,13.4918,148400,0.0000,1.0000
2006-07-27,29.6600,30.0000,29.4300,29.5400,13.3071,186100,0.0000,1.0000
2006-07-26,28.8500,29.7500,28.7500,29.5000,13.2891,185300,0.0000,1.0000
2006-07-25,28.9400,29.1000,28.4100,28.8500,12.9963,178600,0.0000,1.0000
2006-07-24,28.0500,29.0000,27.8000,28.7500,12.9513,171100,0.0000,1.0000
2006-07-21,27.8800,27.8800,27.0800,27.5000,12.3882,154600,0.0000,1.0000
2006-07-20,29.3000,29.3200,27.5100,27.6300,12.4467,117400,0.0000,1.0000
2006-07-19,27.1000,28.9200,27.1000,28.7500,12.9513,168500,0.0000,1.0000
2006-07-18,27.6400,27.8300,26.7000,27.1000,12.2080,115700,0.0000,1.0000
2006-07-17,27.7000,28.0000,27.2400,27.4200,12.3521,101100,0.0000,1.0000
2006-07-14,28.0000,28.0000,27.0700,27.7500,12.5008,1329700,0.0000,1.0000
2006-07-13,28.2000,28.4100,27.2300,27.2800,12.2891,144400,0.0000,1.0000
2006-07-12,29.4600,29.6400,28.8100,28.9000,13.0188,97200,0.0000,1.0000
2006-07-11,29.4200,29.4700,28.7700,29.4600,13.2711,76300,0.0000,1.0000
2006-07-10,29.6000,30.1000,29.3500,29.6700,13.3657,190900,0.0000,1.0000
2006-07-07,29.8400,30.0100,29.1300,29.2500,13.1765,534500,0.0000,1.0000
2006-07-06,30.0800,30.6300,29.8700,30.0000,13.5144,173900,0.0000,1.0000
2006-07-05,30.9400,30.9500,29.3900,29.7700,13.4108,246000,0.0000,1.0000
2006-07-03,31.3000,31.8949,31.1500,31.3900,14.1405,108700,0.0000,1.0000
2006-06-30,31.6000,31.7000,30.8900,31.1400,14.0279,170700,0.0000,1.0000
2006-06-29,30.2500,30.9300,30.0400,30.5000,13.7396,602500,0.0000,1.0000
2006-06-28,28.8400,29.9200,28.6600,29.9000,13.4693,216600,0.0000,1.0000
2006-06-27,29.2000,29.9400,28.6200,28.8300,12.9873,270000,0.0000,1.0000
2006-06-26,29.0500,29.1000,28.6500,28.8300,12.9873,91600,0.0000,1.0000
2006-06-23,28.7500,29.2000,28.0400,28.8500,12.9963,191900,0.0000,1.0000
2006-06-22,29.2500,29.7300,28.8000,29.2700,13.1855,452600,0.0000,1.0000
2006-06-21,27.2600,28.0900,27.2600,28.0100,12.6179,101700,0.0000,1.0000
2006-06-20,27.3300,27.8900,27.2000,27.2000,12.2530,225100,0.0000,1.0000
2006-06-19,27.9800,28.4900,27.1900,27.3300,12.3116,320500,0.0000,1.0000
2006-06-16,28.2000,28.7300,27.4900,27.9800,12.6044,233500,0.0000,1.0000
2006-06-15,27.3100,28.5000,27.3100,28.2000,12.7035,145700,0.0000,1.0000
2006-06-14,27.4000,27.8600,26.6500,27.1400,12.2260,211200,0.0000,1.0000
2006-06-13,28.0100,28.1400,26.8300,27.3600,12.3251,245000,0.0000,1.0000
2006-06-12,28.7500,30.1300,27.8400,28.0100,12.6179,200400,0.0000,1.0000
2006-06-09,29.8100,30.1000,28.5700,29.0700,13.0954,346600,0.0000,1.0000
2006-06-08,29.7000,29.7100,27.9000,29.3000,13.1990,627000,0.0000,1.0000
2006-06-07,31.2500,31.3000,29.7000,29.9000,13.4693,3457200,0.0000,1.0000
2006-06-06,31.1900,31.2500,30.3600,30.8000,13.8747,552000,0.0000,1.0000
2006-06-05,32.4600,32.6300,31.0100,31.1900,14.0504,388200,0.0000,1.0000
2006-06-02,34.2500,34.5000,31.6200,32.0500,14.4378,1313000,0.0000,1.0000
2006-06-01,33.4900,33.7500,33.0600,33.5000,15.0910,771900,0.0000,1.0000
2006-05-31,34.0000,34.2500,33.0500,33.0500,14.8883,241200,0.0000,1.0000
2006-05-30,34.9400,34.9400,32.5400,32.7500,14.7532,223400,0.0000,1.0000
2006-05-26,35.2500,35.9200,34.7800,35.4400,15.9650,234300,0.0000,1.0000
2006-05-25,32.7300,34.6700,32.3900,34.6400,15.6046,298300,0.0000,1.0000
2006-05-24,33.8700,33.8800,30.2600,31.6000,14.2351,468100,0.0000,1.0000
2006-05-23,34.7500,35.6000,34.0000,34.1600,15.3884,291100,0.0000,1.0000
2006-05-22,35.0000,35.3000,33.2500,34.0200,15.3253,298300,0.0000,1.0000
2006-05-19,37.0000,37.4400,36.0200,36.7500,16.5551,1101000,0.0000,1.0000
2006-05-18,36.7300,37.4000,35.5500,36.5400,16.4605,204500,0.0000,1.0000
2006-05-17,37.7300,38.1000,36.7300,36.9900,16.6632,310500,0.0000,1.0000
2006-05-16,38.2000,38.4000,37.7600,38.3500,17.2759,223700,0.0000,1.0000
2006-05-15,37.3200,38.6200,36.9900,37.5000,16.8930,363300,0.0000,1.0000
2006-05-12,40.0000,40.0000,37.6500,38.6200,17.3975,489300,0.0000,1.0000
2006-05-11,41.2000,42.0500,40.5801,40.7500,18.3570,167900,0.0000,1.0000
2006-05-10,41.3400,41.9000,41.1400,41.7500,18.8075,220700,0.0000,1.0000
2006-05-09,41.3500,41.4900,41.0600,41.3200,18.6138,106800,0.0000,1.0000
2006-05-08,41.9500,41.9900,41.1500,41.5400,18.7129,173900,0.0000,1.0000
2006-05-05,41.5000,42.2800,41.5000,42.1500,18.9877,218700,0.0000,1.0000
2006-05-04,40.5000,41.1800,40.4200,41.1500,18.5372,292900,0.0000,1.0000
2006-05-03,39.3000,39.8900,39.1600,39.5700,17.8254,106000,0.0000,1.0000
2006-05-02,39.0300,39.3000,38.4800,39.2000,17.6588,149200,0.0000,1.0000
2006-05-01,39.3600,39.7700,38.6200,39.1500,17.6362,108000,0.0000,1.0000
2006-04-28,38.2500,39.4000,38.2500,39.3600,17.7308,361200,0.2507,1.0000
2006-04-27,39.2000,39.2000,38.2500,38.4800,17.2247,441400,0.0000,1.0000
2006-04-26,39.3500,39.4900,39.1000,39.4400,17.6544,333500,0.0000,1.0000
2006-04-25,40.0000,40.1300,39.3000,39.3000,17.5918,124400,0.0000,1.0000
2006-04-24,40.5000,40.5000,39.9000,40.1300,17.9633,93900,0.0000,1.0000
2006-04-21,40.6000,41.0500,40.3200,40.7000,18.2185,162900,0.0000,1.0000
2006-04-20,40.7000,40.7800,40.4000,40.7000,18.2185,356600,0.0000,1.0000
2006-04-19,41.2100,41.2100,40.6000,40.7500,18.2408,391100,0.0000,1.0000
2006-04-18,40.8100,41.2800,40.5900,41.2100,18.4467,205200,0.0000,1.0000
2006-04-17,40.4300,40.8700,40.4300,40.7900,18.2587,156200,0.0000,1.0000
2006-04-13,40.0000,41.1000,40.0000,40.4300,18.0976,78500,0.0000,1.0000
2006-04-12,40.6200,40.8800,39.5600,39.9900,17.9006,162800,0.0000,1.0000
2006-04-11,40.9900,41.3000,40.2500,40.6200,18.1826,297000,0.0000,1.0000
2006-04-10,41.7700,41.7700,40.9400,41.0500,18.3751,102500,0.0000,1.0000
2006-04-07,42.2500,42.3100,41.3000,41.8000,18.7109,165600,0.0000,1.0000
2006-04-06,42.0000,42.0900,41.1100,41.9100,18.7601,180900,0.0000,1.0000
2006-04-05,41.7000,41.9700,40.5000,41.6900,18.6616,473100,0.0000,1.0000
2006-04-04,41.9900,42.2000,41.1000,41.2000,18.4423,211600,0.0000,1.0000
2006-04-03,42.1500,42.5500,41.7000,41.7400,18.6840,358600,0.0000,1.0000
2006-03-31,43.2000,43.2200,41.9400,42.1500,18.8675,297000,0.0000,1.0000
2006-03-30,43.2500,43.5400,42.8100,43.1000,19.2928,116800,0.0000,1.0000
2006-03-29,42.3500,42.9800,42.0200,42.9800,19.2391,130500,0.0000,1.0000
2006-03-28,42.3200,42.4900,41.5200,41.6300,18.6348,192300,0.0000,1.0000
2006-03-27,44.8500,44.8500,43.2800,43.6400,19.5345,252000,0.0000,1.0000
2006-03-24,45.1200,45.5100,44.7000,44.9700,20.1298,134100,0.0000,1.0000
2006-03-23,45.8000,45.9600,44.8900,45.1300,20.2015,321400,0.0000,1.0000
2006-03-22,45.0500,45.8100,45.0500,45.8100,20.5058,144600,0.0000,1.0000
2006-03-21,45.6000,45.7600,44.8600,45.0500,20.1656,166100,0.0000,1.0000
2006-03-20,45.2600,46.3700,45.2600,46.1300,20.6491,207800,0.0000,1.0000
2006-03-17,44.7000,45.4500,44.7000,45.2600,20.2596,125100,0.0000,1.0000
2006-03-16,44.2500,45.0700,44.2500,44.8000,20.0537,195900,0.0000,1.0000
2006-03-15,44.1000,45.2600,44.1000,45.2000,20.2328,137400,0.0000,1.0000
2006-03-14,43.5700,44.5000,43.4900,44.1000,19.7404,150900,0.0000,1.0000
2006-03-13,44.4100,44.7700,43.3000,44.0700,19.7270,201700,0.0000,1.0000
2006-03-10,42.0500,43.6100,41.7800,43.1000,19.2928,193100,0.0000,1.0000
2006-03-09,42.7000,44.3900,40.6900,41.4400,18.5497,538700,0.0000,1.0000
2006-03-08,41.0000,43.3000,40.8400,42.8000,19.1585,408100,0.0000,1.0000
2006-03-07,43.2500,43.2500,40.8000,41.0000,18.3527,606800,0.0000,1.0000
2006-03-06,44.3000,44.4800,43.7600,44.0100,19.7001,194200,0.0000,1.0000
2006-03-03,44.1500,45.6400,44.0700,44.4500,19.8971,260400,0.0000,1.0000
2006-03-02,44.0000,44.6400,43.7300,44.2800,19.8210,192200,0.0000,1.0000
2006-03-01,42.5100,45.9900,42.5100,45.3600,20.3044,447400,0.0000,1.0000
2006-02-28,42.8600,42.8600,42.2100,42.5000,19.0242,118900,0.0000,1.0000
2006-02-27,42.5000,43.1300,42.3500,42.8600,19.1853,153800,0.0000,1.0000
2006-02-24,41.4000,42.5000,41.1600,42.5000,19.0242,168700,0.0000,1.0000
2006-02-23,39.5500,41.8500,39.4100,41.5600,18.6034,245400,0.0000,1.0000
2006-02-22,38.6000,39.7000,38.6000,39.4000,17.6365,195700,0.0000,1.0000
2006-02-21,39.9000,40.7000,38.4900,38.5000,17.2337,201700,0.0000,1.0000
2006-02-17,40.0400,40.1900,39.3100,39.8800,17.8514,236600,0.0000,1.0000
2006-02-16,37.5900,40.3000,37.5900,40.2900,18.0349,582300,0.0000,1.0000
2006-02-15,35.7000,38.3000,35.7000,37.5900,16.8263,357400,0.0000,1.0000
2006-02-14,36.0000,36.7200,35.7900,36.1700,16.1907,260600,0.0000,1.0000
2006-02-13,36.3500,36.4000,35.9900,36.0000,16.1146,111900,0.0000,1.0000
2006-02-10,35.7100,37.1000,35.4600,36.9700,16.5488,354000,0.0000,1.0000
2006-02-09,35.1500,36.0200,35.1500,35.5100,15.8953,255500,0.0000,1.0000
2006-02-08,35.8700,36.0400,34.8500,34.8500,15.5998,272800,0.0000,1.0000
2006-02-07,36.7000,36.7800,35.8800,35.8900,16.0654,126300,0.0000,1.0000
2006-02-06,35.9400,37.2000,35.9400,37.1300,16.6204,197600,0.0000,1.0000
2006-02-03,36.0800,36.1000,34.8200,35.7000,15.9803,300400,0.0000,1.0000
2006-02-02,37.6300,37.6300,36.0700,36.7000,16.4279,154000,0.0000,1.0000
2006-02-01,37.6300,37.8600,37.4000,37.6200,16.8398,175000,0.0000,1.0000
2006-01-31,37.7000,37.7800,36.9700,37.6300,16.8442,318100,0.0000,1.0000
2006-01-30,36.9600,38.3500,36.8800,38.3200,17.1531,147400,0.0000,1.0000
2006-01-27,37.5000,37.8200,36.9000,36.9600,16.5443,207800,0.0000,1.0000
2006-01-26,36.2500,37.6900,36.0900,37.6100,16.8353,267600,0.0000,1.0000
2006-01-25,36.2000,36.5000,35.9000,36.0800,16.1504,111300,0.0000,1.0000
2006-01-24,36.7500,36.7700,36.0700,36.2000,16.2041,183800,0.0000,1.0000
2006-01-23,35.8900,36.1000,35.6400,36.0500,16.1370,94400,0.0000,1.0000
2006-01-20,36.4000,36.6500,35.6000,35.6600,15.9624,363200,0.0000,1.0000
2006-01-19,35.0000,36.1000,35.0000,35.9200,16.0788,376400,0.0000,1.0000
2006-01-18,34.5100,34.5900,33.8700,34.3700,15.3850,648200,0.0000,1.0000
2006-01-17,36.2500,36.3700,34.8300,34.9600,15.6491,446100,0.0000,1.0000
2006-01-13,36.7000,36.8000,36.0500,36.1900,16.1997,170500,0.0000,1.0000
2006-01-12,37.1800,37.2600,36.6500,36.6500,16.4056,97400,0.0000,1.0000
2006-01-11,36.7100,37.3000,36.4500,37.1000,16.6070,91500,0.0000,1.0000
2006-01-10,36.8000,36.9100,36.4000,36.6900,16.4235,216700,0.0000,1.0000
2006-01-09,36.6000,36.9600,36.1200,36.8000,16.4727,297900,0.0000,1.0000
2006-01-06,37.0000,37.5900,36.7400,36.8000,16.4727,206700,0.0000,1.0000
2006-01-05,36.7500,36.9300,35.6300,36.4500,16.3160,266600,0.0000,1.0000
2006-01-04,37.5000,38.0600,35.8300,35.9700,16.1012,722500,0.0000,1.0000
2006-01-03,34.7900,35.5600,34.7900,35.5300,15.9042,451200,0.0000,1.0000
2005-12-30,33.1000,33.1600,32.6200,32.9000,14.7270,43300,0.0000,1.0000
2005-12-29,32.7500,33.3200,32.6600,33.0800,14.8075,179800,0.0000,1.0000
2005-12-28,32.8000,33.2400,32.5600,32.7300,14.6509,151500,0.0000,1.0000
2005-12-27,32.7000,33.0800,32.5500,32.8300,14.6956,193000,0.0000,1.0000
2005-12-23,32.7000,32.7600,32.4600,32.7000,14.6374,153700,0.0000,1.0000
2005-12-22,32.1500,32.8100,31.7800,32.8100,14.6867,458000,0.0000,1.0000
2005-12-21,31.3000,32.2800,31.2500,32.2800,14.4494,335700,0.0000,1.0000
2005-12-20,31.6500,31.6800,30.9600,31.1400,13.9391,80400,0.0000,1.0000
2005-12-19,31.3500,32.1900,31.0000,31.8500,14.2570,422400,0.0000,1.0000
2005-12-16,30.6500,31.5300,30.4900,31.4300,14.0689,197200,0.0000,1.0000
2005-12-15,31.6400,32.2400,30.5000,31.0700,13.9078,332400,0.0000,1.0000
2005-12-14,32.8400,32.9700,31.9100,32.0700,14.3554,311400,0.0000,1.0000
2005-12-13,33.2900,33.3500,32.8900,32.9500,14.7493,104200,0.0000,1.0000
2005-12-12,33.0300,33.5000,32.9800,33.1800,14.8523,76100,0.0000,1.0000
2005-12-09,32.6800,33.2400,32.6200,33.0500,14.7941,89100,0.0000,1.0000
2005-12-08,33.9400,33.9800,32.7600,32.8500,14.7046,219500,0.0000,1.0000
2005-12-07,34.5500,34.7600,33.9100,33.9800,15.2104,237200,0.0000,1.0000
2005-12-06,34.0000,34.8700,33.9700,34.6100,15.4924,142900,0.0000,1.0000
2005-12-05,33.0800,33.6900,33.0800,33.5000,14.9955,62300,0.0000,1.0000
2005-12-02,33.0000,33.3300,33.0000,33.3300,14.9194,47900,0.0000,1.0000
2005-12-01,32.1500,32.7572,32.1500,32.7500,14.6598,204800,0.0000,1.0000
2005-11-30,32.1400,32.4000,31.7300,31.9900,14.3196,199900,0.0000,1.0000
2005-11-29,32.3700,32.7200,31.9400,32.1600,14.3957,160300,0.0000,1.0000
2005-11-28,32.8600,33.0900,32.2500,32.3000,14.4584,242000,0.0000,1.0000
2005-11-25,33.4000,33.4000,32.5100,32.8600,14.7091,372900,0.0000,1.0000
2005-11-23,31.0200,32.6700,31.0200,32.5600,14.5748,386600,0.0000,1.0000
2005-11-22,30.7000,31.0800,30.2400,30.7700,13.7735,269900,0.0000,1.0000
2005-11-21,29.7000,31.3100,29.6100,31.1000,13.9212,213500,0.0000,1.0000
2005-11-18,29.6400,29.8000,29.1600,29.5400,13.2229,111900,0.0000,1.0000
2005-11-17,29.1200,29.7200,29.0600,29.6600,13.2766,58800,0.0000,1.0000
2005-11-16,28.4900,28.9900,28.3000,28.9900,12.9767,88700,0.0000,1.0000
2005-11-15,28.4000,29.1000,28.4000,28.4700,12.7440,43900,0.0000,1.0000
2005-11-14,28.6500,29.0200,28.2500,28.2500,12.6455,47400,0.0000,1.0000
2005-11-11,29.2200,29.8500,28.9000,29.2000,13.0707,111500,0.0000,1.0000
2005-11-10,28.9000,29.1500,28.4000,29.1500,13.0484,277500,0.0000,1.0000
2005-11-09,29.1000,29.3500,28.7400,28.8900,12.9320,871300,0.0000,1.0000
2005-11-08,28.6500,28.7600,28.0000,28.5800,12.7932,175000,0.0000,1.0000
2005-11-07,27.8000,28.2200,27.8000,28.0000,12.5336,317100,0.0000,1.0000
2005-11-04,27.9500,27.9700,27.3600,27.7600,12.4262,85800,0.0000,1.0000
2005-11-03,27.9500,28.8600,27.6800,27.7500,12.4217,306300,0.0000,1.0000
2005-11-02,27.8500,27.9500,27.6100,27.6900,12.3948,32900,0.0000,1.0000
2005-11-01,28.0000,28.4000,27.7000,28.0100,12.5381,215800,0.0000,1.0000
2005-10-31,26.6000,27.6900,26.5600,27.5600,12.3366,130000,0.0000,1.0000
2005-10-28,25.8000,26.6100,25.4300,26.2100,11.7323,263500,0.0000,1.0000
2005-10-27,26.0300,26.1100,25.7800,25.9500,11.6159,126300,0.0000,1.0000
2005-10-26,26.3300,26.5800,26.0000,26.0200,11.6473,94600,0.0000,1.0000
2005-10-25,26.8700,26.8700,26.3300,26.3300,11.7860,125100,0.0000,1.0000
2005-10-24,26.2500,27.0100,26.2500,26.8700,12.0278,120800,0.0000,1.0000
2005-10-21,25.7000,26.6000,25.7000,26.0200,11.6473,238600,0.0000,1.0000
2005-10-20,26.0000,26.2600,25.5300,25.5300,11.4279,591700,0.0000,1.0000
2005-10-19,25.9000,25.9000,25.4500,25.8400,11.5667,283400,0.0000,1.0000
2005-10-18,26.3000,26.6000,26.0100,26.0500,11.6607,322900,0.0000,1.0000
2005-10-17,26.0000,26.9000,25.9600,26.1900,11.7234,144900,0.0000,1.0000
2005-10-14,26.5000,26.5000,25.8700,26.0400,11.6562,189900,0.0000,1.0000
2005-10-13,26.5500,26.5500,26.2000,26.3800,11.8084,276800,0.0000,1.0000
2005-10-12,27.2500,27.4000,26.3000,26.4900,11.8577,157000,0.0000,1.0000
2005-10-11,26.7000,27.2000,26.5300,27.2000,12.1755,1058200,0.0000,1.0000
2005-10-10,27.2500,27.2500,26.6600,26.7000,11.9517,196400,0.0000,1.0000
2005-10-07,26.8000,27.1500,26.8000,27.1300,12.1441,63500,0.0000,1.0000
2005-10-06,27.5400,27.5400,26.2000,26.4500,11.8398,185400,0.0000,1.0000
2005-10-05,28.5100,28.5100,27.5400,27.5400,12.3277,208000,0.0000,1.0000
2005-10-04,28.8000,29.0000,28.5000,28.5100,12.7619,152900,0.0000,1.0000
2005-10-03,28.8500,29.2500,28.6500,29.0100,12.9857,100300,0.0000,1.0000
2005-09-30,28.1000,29.2000,27.7500,28.8700,12.9230,130200,0.0000,1.0000
2005-09-29,28.0900,28.5400,27.9600,28.1500,12.6007,146100,0.0000,1.0000
2005-09-28,27.5000,28.1400,27.4800,28.1400,12.5963,143900,0.0000,1.0000
2005-09-27,27.5400,27.9900,26.9800,27.3000,12.2202,226500,0.0000,1.0000
2005-09-26,27.6000,27.6000,27.1300,27.4600,12.2919,151500,0.0000,1.0000
2005-09-23,26.9500,28.0600,26.9500,27.7500,12.4217,87200,0.0000,1.0000
2005-09-22,27.0500,27.1900,26.7600,27.0000,12.0860,118500,0.0000,1.0000
2005-09-21,26.9300,27.3400,26.8500,27.1700,12.1621,109600,0.0000,1.0000
2005-09-20,26.8000,26.8600,26.4000,26.6800,11.9427,111000,0.0000,1.0000
2005-09-19,26.4300,26.7000,26.1200,26.5700,11.8935,352300,0.0000,1.0000
2005-09-16,26.6800,26.6800,26.1300,26.4300,11.8308,404200,0.0000,1.0000
2005-09-15,25.7300,26.9200,25.7300,26.6800,11.9427,253300,0.0000,1.0000
2005-09-14,25.5000,25.6900,25.3100,25.5200,11.4235,164600,0.0000,1.0000
2005-09-13,25.7500,25.8200,25.2300,25.4000,11.3698,135100,0.0000,1.0000
2005-09-12,25.5300,25.9500,25.5300,25.9000,11.5936,69000,0.0000,1.0000
2005-09-09,25.2200,25.8900,25.2000,25.5300,11.4279,218300,0.0000,1.0000
2005-09-08,25.7500,25.7600,25.0600,25.2200,11.2892,510500,0.0000,1.0000
2005-09-07,25.7000,25.9800,25.6500,25.8100,11.5533,111600,0.0000,1.0000
2005-09-06,24.7500,25.9300,24.6100,25.6000,11.4593,315300,0.0000,1.0000
2005-09-02,24.4300,24.8200,24.4300,24.7000,11.0564,245300,0.0000,1.0000
2005-09-01,24.0400,24.4900,24.0300,24.3600,10.9042,131800,0.0000,1.0000
2005-08-31,23.9500,24.0200,23.6800,24.0200,10.7520,281100,0.0000,1.0000
2005-08-30,24.2500,24.3000,23.7000,23.8200,10.6625,81900,0.0000,1.0000
2005-08-29,23.9800,24.2100,23.8500,24.1000,10.7878,157000,0.0000,1.0000
2005-08-26,24.5000,24.5000,23.8500,23.9300,10.7117,199200,0.0000,1.0000
2005-08-25,24.0500,24.5000,23.8500,24.5000,10.9669,130500,0.0000,1.0000
2005-08-24,23.7000,24.2500,23.7000,23.9500,10.7207,134700,0.0000,1.0000
2005-08-23,24.1000,24.4800,24.0500,24.3300,10.8908,279100,0.0000,1.0000
2005-08-22,24.2300,24.7500,24.2300,24.5700,10.9982,100300,0.0000,1.0000
2005-08-19,24.5800,24.8500,23.7800,23.9900,10.7386,417200,0.0000,1.0000
2005-08-18,24.7000,24.9700,24.3500,24.4400,10.9400,457200,0.0000,1.0000
2005-08-17,24.2700,24.9800,24.2700,24.7000,11.0564,455200,0.0000,1.0000
2005-08-16,24.5800,24.5800,24.1600,24.1700,10.8192,133300,0.0000,1.0000
2005-08-15,23.9500,24.5400,23.9000,24.4000,10.9221,436500,0.0000,1.0000
2005-08-12,23.8500,24.0500,23.5900,24.0000,10.7431,661100,0.0000,1.0000
2005-08-11,24.5700,24.5700,23.9000,24.1000,10.7878,337600,0.0000,1.0000
2005-08-10,24.7000,24.7000,24.3000,24.6700,11.0430,504300,0.0000,1.0000
2005-08-09,23.8000,24.1000,23.7700,23.9900,10.7386,825200,0.0000,1.0000
2005-08-08,23.5900,24.0200,23.4000,23.5100,10.5237,275700,0.0000,1.0000
2005-08-05,23.1000,23.4600,23.1000,23.3500,10.4521,235300,0.0000,1.0000
2005-08-04,22.9900,23.2600,22.5500,23.1000,10.3402,311100,0.0000,1.0000
2005-08-03,22.5500,23.0000,22.1200,23.0000,10.2954,162000,0.0000,1.0000
2005-08-02,22.1500,22.4900,22.0200,22.4600,10.0537,127900,0.0000,1.0000
2005-08-01,21.9000,22.1300,21.8300,22.1100,9.8971,106000,0.0000,1.0000
2005-07-29,21.8500,21.9500,21.8000,21.8800,9.7941,94700,0.0000,1.0000
2005-07-28,21.5400,22.0500,21.5300,21.9300,9.8165,372800,0.0000,1.0000
2005-07-27,21.6000,21.6100,21.0500,21.5500,9.6464,472400,0.0000,1.0000
2005-07-26,20.5000,21.1300,20.1000,21.1000,9.4450,226300,0.0000,1.0000
2005-07-25,21.1000,21.1000,20.5800,20.7500,9.2883,2058500,0.0000,1.0000
2005-07-22,21.0700,21.3600,21.0300,21.2100,9.4942,195400,0.0000,1.0000
2005-07-21,21.0200,21.1300,20.6800,21.0700,9.4315,428200,0.0000,1.0000
2005-07-20,19.9000,21.0300,19.9000,20.8800,9.3465,262600,0.0000,1.0000
2005-07-19,20.1400,20.1500,19.6000,20.0500,8.9749,157900,0.0000,1.0000
2005-07-18,20.1500,20.4800,20.0800,20.1500,9.0197,443800,0.0000,1.0000
2005-07-15,20.0000,20.4400,19.7200,20.1500,9.0197,163700,0.0000,1.0000
2005-07-14,20.0000,20.2000,19.8300,20.1200,9.0063,185700,0.0000,1.0000
2005-07-13,19.9000,19.9700,19.5500,19.6000,8.7735,443900,0.0000,1.0000
2005-07-12,18.8200,19.4700,18.8200,19.2700,8.6258,618300,0.0000,1.0000
2005-07-11,18.5300,19.1000,18.5300,18.7400,8.3885,418900,0.0000,1.0000
2005-07-08,18.8000,19.2000,18.6700,18.6800,8.3617,595800,0.0000,1.0000
2005-07-07,18.3100,18.6200,18.2100,18.6100,8.3304,424600,0.0000,1.0000
2005-07-06,19.2000,19.3200,18.5600,18.5600,8.3080,214900,0.0000,1.0000
2005-07-05,19.9500,19.9800,19.0000,19.2100,8.5989,261200,0.0000,1.0000
2005-07-01,20.0100,20.2000,19.7800,20.1600,9.0242,192300,0.0000,1.0000
2005-06-30,20.8000,20.8200,19.8800,19.8900,8.9033,390900,0.0000,1.0000
2005-06-29,21.0900,21.2400,20.6000,20.6500,9.2435,186400,0.0000,1.0000
2005-06-28,20.6500,21.1500,20.3800,21.1200,9.4539,150000,0.0000,1.0000
2005-06-27,20.8200,21.0000,20.3100,20.4000,9.1316,160500,0.0000,1.0000
2005-06-24,21.0000,21.0900,20.6000,20.9200,9.3644,103400,0.0000,1.0000
2005-06-23,20.9600,21.1400,20.9000,21.0100,9.4047,202600,0.0000,1.0000
2005-06-22,21.1000,21.3200,20.8200,20.9500,9.3778,822200,0.0000,1.0000
2005-06-21,21.0200,21.1500,20.7500,21.0800,9.4360,215600,0.0000,1.0000
2005-06-20,21.6000,21.6000,20.9500,21.0200,9.4091,258300,0.0000,1.0000
2005-06-17,21.6500,22.0500,21.6400,21.9700,9.8344,264900,0.0000,1.0000
2005-06-16,21.5600,22.0500,21.3900,22.0500,9.8702,235100,0.0000,1.0000
2005-06-15,21.7900,21.7900,21.2500,21.6100,9.6732,113700,0.0000,1.0000
2005-06-14,21.8700,22.2500,21.5100,22.1800,9.9284,96300,0.0000,1.0000
2005-06-13,21.6800,22.0700,21.5100,21.8500,9.7807,184600,0.0000,1.0000
2005-06-10,20.8900,21.6700,20.8200,21.6700,9.7001,186400,0.0000,1.0000
2005-06-09,20.8000,20.9800,20.4500,20.6900,9.2614,201700,0.0000,1.0000
2005-06-08,21.5600,21.6300,21.2600,21.3800,9.5703,133400,0.0000,1.0000
2005-06-07,21.5300,21.8900,21.2400,21.4000,9.5792,67400,0.0000,1.0000
2005-06-06,21.6800,22.0300,21.5100,21.6500,9.6911,193100,0.0000,1.0000
2005-06-03,22.0000,22.1200,21.7800,21.9400,9.8210,178200,0.0000,1.0000
2005-06-02,21.6000,22.1100,21.5500,21.8500,9.7807,188100,0.0000,1.0000
2005-06-01,21.5500,21.5500,21.1000,21.5400,9.6419,176300,0.0000,1.0000
2005-05-31,21.0000,21.7000,20.7300,21.7000,9.7135,254700,0.0000,1.0000
2005-05-27,20.0600,20.8400,20.0500,20.6500,9.2435,64400,0.0000,1.0000
2005-05-26,20.1000,20.5500,20.0100,20.0100,8.9570,36300,0.0000,1.0000
2005-05-25,20.0000,20.4000,19.8300,19.9900,8.9481,74200,0.0000,1.0000
2005-05-24,19.9800,19.9800,19.4500,19.9200,8.9167,264500,0.0000,1.0000
2005-05-23,20.1300,20.1300,19.5000,20.0000,8.9526,277300,0.0000,1.0000
2005-05-20,20.3200,20.3300,19.6200,20.1400,9.0152,132700,0.0000,1.0000
2005-05-19,20.4400,20.5900,20.1200,20.4000,9.1316,87200,0.0000,1.0000
2005-05-18,20.7500,20.7500,20.2400,20.2400,9.0600,276500,0.0000,1.0000
2005-05-17,20.9300,21.0000,19.8500,20.2500,9.0645,784800,0.0000,1.0000
2005-05-16,20.9300,21.0800,20.8500,20.9300,9.3689,179400,0.0000,1.0000
2005-05-13,21.4000,21.5300,20.8800,20.9300,9.3689,212700,0.0000,1.0000
2005-05-12,22.0000,22.0800,21.3200,21.3300,9.5479,192500,0.0000,1.0000
2005-05-11,22.0500,22.2600,21.4300,22.0400,9.8657,182600,0.0000,1.0000
2005-05-10,22.4000,22.4900,22.0000,22.2200,9.9463,58300,0.0000,1.0000
2005-05-09,22.1500,22.5900,22.1500,22.3000,9.9821,161100,0.0000,1.0000
2005-05-06,23.2100,23.3500,21.9400,21.9400,9.8210,193800,0.0000,1.0000
2005-05-05,22.8700,23.8800,22.8200,22.9600,10.2775,373300,0.0000,1.0000
2005-05-04,21.0100,22.3800,21.0000,22.2700,9.9687,249300,0.0000,1.0000
2005-05-03,20.2900,20.2900,19.7700,20.0700,8.9839,108200,0.0000,1.0000
2005-05-02,19.8500,20.3500,19.8500,20.2900,9.0824,146300,0.3435,1.0000
2005-04-29,19.9500,20.3000,19.7600,20.1000,8.8475,167500,0.0000,1.0000
2005-04-28,20.2000,20.5800,19.4900,19.9600,8.7859,168700,0.0000,1.0000
2005-04-27,20.9500,21.1000,20.2800,20.4500,9.0016,217100,0.0000,1.0000
2005-04-26,20.8100,21.4100,20.8100,21.0100,9.2481,97400,0.0000,1.0000
2005-04-25,20.6500,21.3300,20.6200,21.3100,9.3802,132400,0.0000,1.0000
2005-04-22,21.4100,21.4500,20.9000,20.9000,9.1997,175300,0.0000,1.0000
2005-04-21,21.2000,21.3600,21.1500,21.3500,9.3978,93200,0.0000,1.0000
2005-04-20,21.5200,21.5200,20.8900,20.9500,9.2217,85700,0.0000,1.0000
2005-04-19,21.5000,21.7000,20.8500,21.6000,9.5078,214500,0.0000,1.0000
2005-04-18,21.3400,21.3400,20.7600,20.8100,9.1601,35700,0.0000,1.0000
2005-04-15,21.2900,21.3500,20.8000,21.0900,9.2833,85700,0.0000,1.0000
2005-04-14,22.3700,22.3700,21.2600,21.2900,9.3713,258800,0.0000,1.0000
2005-04-13,22.4100,22.4100,21.8400,21.8600,9.6222,56800,0.0000,1.0000
2005-04-12,21.9200,22.1500,21.5400,22.1100,9.7323,185100,0.0000,1.0000
2005-04-11,22.2000,22.2000,21.9200,21.9900,9.6795,85700,0.0000,1.0000
2005-04-08,21.8800,22.1700,21.7400,22.0300,9.6971,224600,0.0000,1.0000
2005-04-07,21.2500,21.9000,21.1400,21.6500,9.5298,105200,0.0000,1.0000
2005-04-06,20.8500,22.2900,20.8500,21.0200,9.2525,316200,0.0000,1.0000
2005-04-05,20.7000,20.8900,20.5200,20.6000,9.0676,245600,0.0000,1.0000
2005-04-04,20.7200,20.8600,20.2500,20.5500,9.0456,332000,0.0000,1.0000
2005-04-01,21.5000,21.9200,20.8500,20.9700,9.2305,146600,0.0000,1.0000
2005-03-31,21.3500,21.3900,20.9400,20.9900,9.2393,253700,0.0000,1.0000
2005-03-30,20.7000,21.0400,20.7000,20.8500,9.1777,102100,0.0000,1.0000
2005-03-29,21.3800,21.4100,20.6400,20.8500,9.1777,129700,0.0000,1.0000
2005-03-28,21.4000,21.6600,20.9000,21.1800,9.3229,138900,0.0000,1.0000
2005-03-24,21.3600,21.6600,21.3600,21.6000,9.5078,118100,0.0000,1.0000
2005-03-23,22.3300,22.4200,21.1200,21.5600,9.4902,336900,0.0000,1.0000
2005-03-22,22.6000,23.0700,22.2000,22.5300,9.9172,263200,0.0000,1.0000
2005-03-21,22.6500,22.8100,22.5000,22.6100,9.9524,223500,0.0000,1.0000
2005-03-18,22.7500,22.9000,22.4600,22.9000,10.0800,284700,0.0000,1.0000
2005-03-17,22.1600,23.0100,21.8500,22.6800,9.9832,333100,0.0000,1.0000
2005-03-16,21.0500,22.2700,21.0500,22.2600,9.7983,252300,0.0000,1.0000
2005-03-15,21.4500,21.5000,21.1300,21.1800,9.3229,259300,0.0000,1.0000
2005-03-14,22.0500,22.0800,21.0900,21.3400,9.3934,215500,0.0000,1.0000
2005-03-11,22.4500,22.5500,22.0000,22.3000,9.8159,182900,0.0000,1.0000
2005-03-10,23.1200,23.1200,22.3100,22.4500,9.8820,146300,0.0000,1.0000
2005-03-09,23.2000,23.4000,23.0000,23.2000,10.2121,60900,0.0000,1.0000
2005-03-08,23.8500,23.8500,23.4000,23.4000,10.3001,78800,0.0000,1.0000
2005-03-07,23.7500,23.9000,23.2900,23.9000,10.5202,217200,0.0000,1.0000
2005-03-04,23.2500,23.7000,22.9600,23.7000,10.4322,203800,0.0000,1.0000
2005-03-03,23.3000,23.4700,22.9500,22.9500,10.1020,240100,0.0000,1.0000
2005-03-02,23.2800,23.5500,23.0000,23.0600,10.1505,138100,0.0000,1.0000
2005-03-01,23.6800,23.8300,22.8800,23.2800,10.2473,354300,0.0000,1.0000
2005-02-28,23.8500,24.0600,23.6400,23.9800,10.5554,526900,0.0000,1.0000
2005-02-25,25.3000,25.3000,23.5800,23.6900,10.4278,372400,0.0000,1.0000
2005-02-24,26.2200,26.6200,25.5000,25.5100,11.2289,251700,0.0000,1.0000
2005-02-23,25.8000,26.2400,25.7300,26.0200,11.4534,242300,0.0000,1.0000
2005-02-22,24.8000,25.7600,24.7000,25.7500,11.3345,445300,0.0000,1.0000
2005-02-18,24.8000,25.5000,24.8000,25.1900,11.0880,307300,0.0000,1.0000
2005-02-17,24.6400,24.9400,24.3800,24.8800,10.9516,218400,0.0000,1.0000
2005-02-16,24.7800,24.7800,24.4500,24.4900,10.7799,150700,0.0000,1.0000
2005-02-15,24.1300,24.7900,24.0900,24.7700,10.9032,213900,0.0000,1.0000
2005-02-14,23.5700,24.3000,23.5700,24.2300,10.6655,86100,0.0000,1.0000
2005-02-11,23.4000,23.8400,23.2400,23.4500,10.3221,133900,0.0000,1.0000
2005-02-10,22.9500,23.4200,22.9400,23.4000,10.3001,76400,0.0000,1.0000
2005-02-09,23.2800,23.2800,22.9400,22.9500,10.1020,61600,0.0000,1.0000
2005-02-08,22.7900,23.4600,22.6800,23.2800,10.2473,40300,0.0000,1.0000
2005-02-07,23.4000,23.8100,22.8400,23.0400,10.1417,52100,0.0000,1.0000
2005-02-04,21.8000,23.3400,21.8000,23.2000,10.2121,338600,0.0000,1.0000
2005-02-03,21.8500,21.9000,21.4700,21.8000,9.5958,170300,0.0000,1.0000
2005-02-02,22.3300,22.5400,21.2100,21.9200,9.6487,440100,0.0000,1.0000
2005-02-01,22.1500,22.3500,21.9000,22.1700,9.7587,183400,0.0000,1.0000
2005-01-31,21.6900,22.2100,21.6900,22.0700,9.7147,112100,0.0000,1.0000
2005-01-28,22.0600,22.2600,20.7000,21.3700,9.4066,546500,0.0000,1.0000
2005-01-27,22.8000,22.8000,21.8000,21.9100,9.6443,158500,0.0000,1.0000
2005-01-26,23.0100,23.2000,22.8000,22.8000,10.0360,53100,0.0000,1.0000
2005-01-25,23.1500,23.2500,22.6000,22.6300,9.9612,72900,0.0000,1.0000
2005-01-24,22.4000,23.1500,22.1800,23.0000,10.1240,111500,0.0000,1.0000
2005-01-21,22.1000,22.3600,21.8000,22.0000,9.6839,63200,0.0000,1.0000
2005-01-20,22.0500,22.5900,21.9800,22.2000,9.7719,105900,0.0000,1.0000
2005-01-19,22.7300,22.7800,22.0300,22.0300,9.6971,94900,0.0000,1.0000
2005-01-18,22.9700,23.2200,22.5500,22.7200,10.0008,186000,0.0000,1.0000
2005-01-14,23.0000,23.0800,22.7800,22.9600,10.1064,46500,0.0000,1.0000
2005-01-13,23.3000,23.3000,22.8100,23.0000,10.1240,229700,0.0000,1.0000
2005-01-12,22.7700,23.0100,22.6700,22.9000,10.0800,143900,0.0000,1.0000
2005-01-11,23.1000,23.1000,22.5000,22.5200,9.9128,179300,0.0000,1.0000
2005-01-10,23.7800,23.8300,23.1000,23.1000,10.1681,51900,0.0000,1.0000
2005-01-07,23.4700,23.8300,23.4100,23.7800,10.4674,68200,0.0000,1.0000
2005-01-06,24.1300,24.2500,23.3000,23.3100,10.2605,131100,0.0000,1.0000
2005-01-05,23.9900,24.2500,23.7400,24.1100,10.6126,136500,0.0000,1.0000
2005-01-04,24.8900,24.8900,23.8500,23.9500,10.5422,128700,0.0000,1.0000
2005-01-03,25.6300,25.6800,24.9100,24.9900,11.0000,71100,0.0000,1.0000
2004-12-31,25.1000,25.6000,25.1000,25.6000,11.2685,18200,0.0000,1.0000
2004-12-30,24.9000,25.3800,24.9000,25.2500,11.1144,95400,0.0000,1.0000
2004-12-29,24.8400,25.0000,24.7500,24.9600,10.9868,57000,0.0000,1.0000
2004-12-28,24.6400,24.8400,24.6000,24.8400,10.9340,20400,0.0000,1.0000
2004-12-27,24.3900,24.7600,24.3900,24.4400,10.7579,29600,0.0000,1.0000
2004-12-23,24.5000,24.5200,24.2700,24.3100,10.7007,74800,0.0000,1.0000
2004-12-22,24.2000,24.5000,24.2000,24.3100,10.7007,61900,0.0000,1.0000
2004-12-21,24.3600,24.5600,23.8400,24.1500,10.6303,50000,0.0000,1.0000
2004-12-20,23.5500,24.6000,23.5000,24.3600,10.7227,163500,0.0000,1.0000
2004-12-17,23.7200,23.7800,23.4400,23.6300,10.4014,225100,0.0000,1.0000
2004-12-16,24.3000,24.3500,23.8600,23.9700,10.5510,105200,0.0000,1.0000
2004-12-15,24.0200,24.5000,23.9800,24.3700,10.7271,74200,0.0000,1.0000
2004-12-14,23.6100,24.0400,23.4500,24.0400,10.5818,197700,0.0000,1.0000
2004-12-13,23.9100,24.0300,23.8100,23.8100,10.4806,49700,0.0000,1.0000
2004-12-10,23.7000,23.9200,23.3600,23.9100,10.5246,142300,0.0000,1.0000
2004-12-09,23.9000,23.9400,23.3000,23.5700,10.3749,52900,0.0000,1.0000
2004-12-08,23.4500,24.1000,23.4500,23.8100,10.4806,196500,0.0000,1.0000
2004-12-07,23.3700,23.7300,23.1400,23.5500,10.3661,120700,0.0000,1.0000
2004-12-06,23.8000,23.8000,23.2000,23.3700,10.2869,108700,0.0000,1.0000
2004-12-03,24.5200,24.5600,23.7000,23.7300,10.4454,360300,0.0000,1.0000
2004-12-02,24.4000,24.6200,24.0500,24.0500,10.5862,374600,0.0000,1.0000
2004-12-01,24.7500,24.8500,24.5500,24.5600,10.8107,222600,0.0000,1.0000
2004-11-30,24.2500,24.7500,24.2500,24.3200,10.7051,274800,0.0000,1.0000
2004-11-29,24.3000,24.4200,23.8700,23.8800,10.5114,170500,0.0000,1.0000
2004-11-26,24.0000,24.1900,23.8800,24.0500,10.5862,35200,0.0000,1.0000
2004-11-24,23.0000,23.3200,23.0000,23.1400,10.1857,58000,0.0000,1.0000
2004-11-23,23.3500,23.3500,22.9500,23.0100,10.1285,95300,0.0000,1.0000
2004-11-22,23.2000,23.4500,23.0800,23.2000,10.2121,72000,0.0000,1.0000
2004-11-19,23.2100,23.3400,22.9400,23.0300,10.1373,217200,0.0000,1.0000
2004-11-18,24.0000,24.0600,22.9700,23.1100,10.1725,181100,0.0000,1.0000
2004-11-17,24.1400,24.3000,23.8000,23.9000,10.5202,174600,0.0000,1.0000
2004-11-16,24.4900,24.4900,24.0000,24.0200,10.5730,298400,0.0000,1.0000
2004-11-15,24.1000,24.6000,24.0800,24.5400,10.8019,124800,0.0000,1.0000
2004-11-12,23.6500,24.0400,23.4500,23.9500,10.5422,107700,0.0000,1.0000
2004-11-11,23.9200,24.0000,23.7200,24.0000,10.5642,133600,0.0000,1.0000
2004-11-10,23.8000,24.0500,23.7900,23.9300,10.5334,339600,0.0000,1.0000
2004-11-09,23.8900,23.8900,23.7000,23.8000,10.4762,182300,0.0000,1.0000
2004-11-08,23.9500,24.0000,23.7400,23.9000,10.5202,176000,0.0000,1.0000
2004-11-05,24.3000,24.4000,23.7700,24.2300,10.6655,254600,0.0000,1.0000
2004-11-04,24.4000,24.7600,24.1900,24.6700,10.8591,196100,0.0000,1.0000
2004-11-03,24.5300,24.7600,24.5300,24.7000,10.8723,396900,0.0000,1.0000
2004-11-02,23.7500,24.9600,23.7500,24.2300,10.6655,208400,0.0000,1.0000
2004-11-01,23.8000,23.9000,23.6800,23.8000,10.4762,144100,0.0000,1.0000
2004-10-29,23.5500,23.9400,23.5500,23.8000,10.4762,168900,0.0000,1.0000
2004-10-28,23.5000,23.7500,23.3400,23.5500,10.3661,209200,0.0000,1.0000
2004-10-27,22.8000,23.4800,22.8000,23.2500,10.2341,89000,0.0000,1.0000
2004-10-26,22.7600,22.7600,22.3900,22.5900,9.9436,84400,0.0000,1.0000
2004-10-25,22.8500,22.8600,22.4300,22.6600,9.9744,69600,0.0000,1.0000
2004-10-22,23.0200,23.0300,22.7900,22.8500,10.0580,161600,0.0000,1.0000
2004-10-21,22.9000,23.1600,22.6700,22.9900,10.1196,219800,0.0000,1.0000
2004-10-20,22.0800,22.9500,22.0800,22.9500,10.1020,288900,0.0000,1.0000
2004-10-19,21.6200,22.3200,21.5200,22.0800,9.7191,358900,0.0000,1.0000
2004-10-18,21.7800,21.7800,21.3700,21.3700,9.4066,59700,0.0000,1.0000
2004-10-15,20.8600,22.0500,20.8600,21.6800,9.5430,268300,0.0000,1.0000
2004-10-14,20.5100,20.7900,20.5100,20.6500,9.0896,51200,0.0000,1.0000
2004-10-13,21.0500,21.0500,20.7000,20.7600,9.1381,34000,0.0000,1.0000
2004-10-12,21.2000,21.2000,21.0100,21.0600,9.2701,22400,0.0000,1.0000
2004-10-11,21.1900,21.2900,21.1900,21.2000,9.3317,30500,0.0000,1.0000
2004-10-08,21.2000,21.4000,20.8500,21.2900,9.3713,88300,0.0000,1.0000
2004-10-07,21.3500,21.7700,21.1200,21.1800,9.3229,58900,0.0000,1.0000
2004-10-06,21.3300,21.3400,21.1700,21.2500,9.3537,115600,0.0000,1.0000
2004-10-05,21.3000,21.5400,21.0500,21.4500,9.4418,111500,0.0000,1.0000
2004-10-04,20.9300,21.2900,20.9300,21.2800,9.3669,101600,0.0000,1.0000
2004-10-01,20.5900,21.0300,20.4600,21.0300,9.2569,78900,0.0000,1.0000
2004-09-30,19.5700,20.3000,19.5500,19.9900,8.7991,249400,0.0000,1.0000
2004-09-29,19.6600,19.6600,19.5300,19.5700,8.6142,136700,0.0000,1.0000
2004-09-28,19.6000,19.7300,19.5400,19.6500,8.6495,175500,0.0000,1.0000
2004-09-27,19.9000,19.9000,19.7000,19.7500,8.6935,115600,0.0000,1.0000
2004-09-24,19.8200,20.0700,19.6500,19.7500,8.6935,96800,0.0000,1.0000
2004-09-23,20.2000,20.3700,19.5200,19.7200,8.6803,262300,0.0000,1.0000
2004-09-22,20.3900,20.6100,20.1000,20.2500,8.9136,34700,0.0000,1.0000
2004-09-21,20.6600,20.7900,20.4300,20.4500,9.0016,223400,0.0000,1.0000
2004-09-20,20.7700,20.9500,20.7000,20.7100,9.1160,96000,0.0000,1.0000
2004-09-17,20.5900,20.8700,20.5800,20.6400,9.0852,161200,0.0000,1.0000
2004-09-16,20.8000,21.0000,20.2000,20.5700,9.0544,137300,0.0000,1.0000
2004-09-15,20.8500,21.2100,20.5300,20.5800,9.0588,178800,0.0000,1.0000
2004-09-14,21.1600,21.2000,20.7500,20.7500,9.1337,72000,0.0000,1.0000
2004-09-13,21.4700,21.4700,21.0600,21.0700,9.2745,18400,0.0000,1.0000
2004-09-10,21.5600,21.5600,21.3000,21.3800,9.4110,61000,0.0000,1.0000
2004-09-09,20.9000,21.4000,20.9000,21.3300,9.3890,87900,0.0000,1.0000
2004-09-08,20.5000,21.0900,20.4000,20.9500,9.2217,163200,0.0000,1.0000
2004-09-07,20.5400,20.6300,20.4600,20.4800,9.0148,29900,0.0000,1.0000
2004-09-03,20.6900,20.9800,20.4800,20.5400,9.0412,39200,0.0000,1.0000
2004-09-02,20.5700,20.8200,20.4400,20.6400,9.0852,76800,0.0000,1.0000
2004-09-01,20.1000,20.7900,20.1000,20.4200,8.9884,59500,0.0000,1.0000
2004-08-31,21.4000,21.4300,20.3300,20.6000,9.0676,146100,0.0000,1.0000
2004-08-30,20.7900,21.1500,20.5400,21.1500,9.3097,62600,0.0000,1.0000
2004-08-27,20.5400,20.7900,20.5400,20.7100,9.1160,60600,0.0000,1.0000
2004-08-26,20.8000,20.8600,20.1300,20.5200,9.0324,246900,0.0000,1.0000
2004-08-25,21.1500,21.1800,20.9400,21.0200,9.2525,225200,0.0000,1.0000
2004-08-24,21.1000,21.3000,21.1000,21.1500,9.3097,143200,0.0000,1.0000
2004-08-23,21.0000,21.5400,20.7000,20.7000,9.1116,259100,0.0000,1.0000
2004-08-20,20.4700,20.9300,20.3500,20.9300,9.2129,158900,0.0000,1.0000
2004-08-19,19.8400,20.5600,19.8400,20.5200,9.0324,300900,0.0000,1.0000
2004-08-18,19.3000,19.7600,19.1100,19.7100,8.6759,125600,0.0000,1.0000
2004-08-17,19.1800,19.4900,19.1800,19.3500,8.5174,57200,0.0000,1.0000
2004-08-16,18.9600,19.2000,18.8000,19.1800,8.4426,101200,0.0000,1.0000
2004-08-13,19.2800,19.5000,18.9200,18.9600,8.3457,195800,0.0000,1.0000
2004-08-12,18.8600,19.3500,18.8000,19.2800,8.4866,182400,0.0000,1.0000
2004-08-11,18.6800,18.8000,18.4400,18.7500,8.2533,191600,0.0000,1.0000
2004-08-10,18.7500,18.9200,18.5500,18.6400,8.2049,139800,0.0000,1.0000
2004-08-09,18.5500,18.6100,18.3000,18.5000,8.1433,67500,0.0000,1.0000
2004-08-06,18.2600,18.5000,18.2300,18.4500,8.1212,68500,0.0000,1.0000
2004-08-05,18.9800,18.9800,18.2500,18.2500,8.0332,170300,0.0000,1.0000
2004-08-04,19.0400,19.1000,18.9500,18.9900,8.3589,275100,0.0000,1.0000
2004-08-03,19.0400,19.0400,18.9300,18.9900,8.3589,132100,0.0000,1.0000
2004-08-02,18.8400,19.0900,18.8200,18.9400,8.3369,155700,0.0000,1.0000
2004-07-30,19.0500,19.1700,18.9000,18.9400,8.3369,220600,0.0000,1.0000
2004-07-29,19.1500,19.2600,18.9400,19.0000,8.3633,176100,0.0000,1.0000
2004-07-28,18.7800,19.0800,18.6700,19.0000,8.3633,315000,0.0000,1.0000
2004-07-27,18.0900,18.5800,18.0800,18.5300,8.1565,249800,0.0000,1.0000
2004-07-26,17.7300,17.9000,17.5500,17.8000,7.8351,102100,0.0000,1.0000
2004-07-23,17.8100,18.2100,17.7700,17.8300,7.8483,24200,0.0000,1.0000
2004-07-22,17.8000,17.8000,17.5400,17.6700,7.7779,66200,0.0000,1.0000
2004-07-21,18.4800,18.5000,17.7600,17.9000,7.8792,190300,0.0000,1.0000
2004-07-20,18.3000,18.7500,18.2700,18.4500,8.1212,157500,0.0000,1.0000
2004-07-19,18.9600,19.0600,18.4000,18.4000,8.0992,147700,0.0000,1.0000
2004-07-16,19.0100,19.1100,18.7900,18.9100,8.3237,222900,0.0000,1.0000
2004-07-15,18.7700,19.0600,18.5700,18.7000,8.2313,347800,0.0000,1.0000
2004-07-14,18.2600,19.0000,18.2500,18.7200,8.2401,236500,0.0000,1.0000
2004-07-13,18.1000,18.3700,18.0200,18.2600,8.0376,191300,0.0000,1.0000
2004-07-12,17.6500,18.1200,17.6400,18.0500,7.9452,369900,0.0000,1.0000
2004-07-09,17.6000,17.7700,17.5700,17.6500,7.7691,50700,0.0000,1.0000
2004-07-08,17.5500,17.6500,17.2500,17.5500,7.7251,82400,0.0000,1.0000
2004-07-07,17.7000,17.8000,17.4000,17.4100,7.6635,166000,0.0000,1.0000
2004-07-06,17.8100,18.0500,17.4200,17.4500,7.6811,349600,0.0000,1.0000
2004-07-02,17.6500,17.8800,17.2100,17.5600,7.7295,229400,0.0000,1.0000
2004-07-01,17.7000,17.7500,17.3800,17.6700,7.7779,219000,0.0000,1.0000
2004-06-30,15.9600,17.3000,15.9600,17.3000,7.6150,352300,0.0000,1.0000
2004-06-29,16.0000,16.0000,15.5000,15.9600,7.0252,111600,0.0000,1.0000
2004-06-28,15.0000,15.7000,14.9900,15.5800,6.8579,426500,0.0000,1.0000
2004-06-25,15.2500,15.2500,15.0000,15.0000,6.6026,74500,0.0000,1.0000
2004-06-24,15.2000,15.3100,15.0000,15.0700,6.6335,151900,0.0000,1.0000
2004-06-23,15.0000,15.1100,14.9000,15.1000,6.6467,131900,0.0000,1.0000
2004-06-22,15.4200,15.4200,14.8700,14.8900,6.5542,142400,0.0000,1.0000
2004-06-21,15.5000,15.5000,15.1700,15.1700,6.6775,53600,0.0000,1.0000
2004-06-18,15.2300,15.3700,15.1400,15.3200,6.7435,59400,0.0000,1.0000
2004-06-17,15.5300,15.5700,15.1900,15.2300,6.7039,249000,0.0000,1.0000
2004-06-16,15.5200,15.8700,15.4800,15.5300,6.8359,107300,0.0000,1.0000
2004-06-15,15.3000,15.4700,15.2100,15.3800,6.7699,136300,0.0000,1.0000
2004-06-14,15.7200,15.7200,14.8900,15.1000,6.6467,131200,0.0000,1.0000
2004-06-10,15.7000,15.7900,15.5800,15.7900,6.9504,12300,0.0000,1.0000
2004-06-09,15.8100,15.8800,15.5700,15.7200,6.9196,112800,0.0000,1.0000
2004-06-08,15.8900,15.9500,15.5500,15.8100,6.9592,126900,0.0000,1.0000
2004-06-07,15.6500,16.0500,15.4400,15.9700,7.0296,186200,0.0000,1.0000
2004-06-04,15.0600,15.7000,15.0300,15.3300,6.7479,870700,0.0000,1.0000
2004-06-03,14.7600,14.9800,14.6900,14.8100,6.5190,275900,0.0000,1.0000
2004-06-02,15.0000,15.0400,14.8800,15.0100,6.6070,121700,0.0000,1.0000
2004-06-01,14.9500,14.9900,14.6300,14.8300,6.5278,240100,0.0000,1.0000
2004-05-28,15.4800,15.4800,14.7500,15.0000,6.6026,940700,0.0000,1.0000
2004-05-27,15.2000,15.4900,15.0000,15.4800,6.8139,339300,0.0000,1.0000
2004-05-26,15.1600,15.5400,15.0600,15.2000,6.6907,188000,0.0000,1.0000
2004-05-25,15.1200,15.6300,14.9000,15.5300,6.8359,106800,0.0000,1.0000
2004-05-24,15.0900,15.4500,15.0200,15.1200,6.6555,241100,0.0000,1.0000
2004-05-21,14.6000,15.0700,14.5500,14.9900,6.5982,215600,0.0000,1.0000
2004-05-20,14.6900,14.7700,14.1400,14.5000,6.3826,244700,0.0000,1.0000
2004-05-19,14.9000,15.5900,14.6600,14.6900,6.4662,441900,0.0000,1.0000
2004-05-18,13.6200,14.1700,13.6200,14.1000,6.2065,186000,0.0000,1.0000
2004-05-17,14.1500,14.1500,13.3700,13.3700,5.8852,199300,0.0000,1.0000
2004-05-14,15.2200,15.2400,14.4300,14.4300,6.3517,189700,0.0000,1.0000
2004-05-13,15.6500,15.8900,15.1200,15.2200,6.6995,138000,0.0000,1.0000
2004-05-12,16.3800,16.4600,15.2000,15.9000,6.9988,312300,0.0000,1.0000
2004-05-11,15.8100,16.7200,15.8100,16.5300,7.2761,249100,0.0000,1.0000
2004-05-10,16.2300,16.2300,15.7700,15.8100,6.9592,432400,0.0000,1.0000
2004-05-07,17.3000,17.3200,16.4800,16.6300,7.3201,236600,0.0000,1.0000
2004-05-06,17.8200,17.8500,17.0000,17.4000,7.6591,315100,0.0000,1.0000
2004-05-05,17.6000,18.0600,17.5000,18.0200,7.9320,301000,0.0000,1.0000
2004-05-04,16.9900,17.4500,16.9000,17.4500,7.6811,147600,0.0000,1.0000
2004-05-03,17.4000,17.6700,16.9000,16.9000,7.4390,114000,0.1617,1.0000
2004-04-30,18.0600,18.1800,17.8000,17.8000,7.7609,238200,0.0000,1.0000
2004-04-29,19.2500,19.3000,18.0200,18.1600,7.9178,190900,0.0000,1.0000
2004-04-28,20.0000,20.0000,19.4400,19.4400,8.4759,85900,0.0000,1.0000
2004-04-27,20.4100,20.4100,19.9400,20.1000,8.7637,146900,0.0000,1.0000
2004-04-26,20.9000,20.9000,20.2000,20.3100,8.8552,86200,0.0000,1.0000
2004-04-23,20.4500,21.0000,20.4500,20.9000,9.1125,86900,0.0000,1.0000
2004-04-22,20.2000,20.6500,20.1500,20.5500,8.9599,71700,0.0000,1.0000
2004-04-21,20.5400,20.5400,19.8500,20.4000,8.8945,161700,0.0000,1.0000
2004-04-20,20.9000,21.1000,20.6300,20.7900,9.0645,113000,0.0000,1.0000
2004-04-19,21.3300,21.3500,20.9400,21.1900,9.2389,68000,0.0000,1.0000
2004-04-16,21.1500,21.5000,21.0900,21.2800,9.2782,35100,0.0000,1.0000
2004-04-15,21.5800,21.7000,21.0300,21.4000,9.3305,149800,0.0000,1.0000
2004-04-14,21.6300,22.3900,21.5000,21.5800,9.4090,74300,0.0000,1.0000
2004-04-13,21.7800,21.7900,21.5100,21.6000,9.4177,93600,0.0000,1.0000
2004-04-12,21.5800,21.9000,21.5000,21.5800,9.4090,52000,0.0000,1.0000
2004-04-08,21.8000,21.8000,21.5500,21.6800,9.4526,23400,0.0000,1.0000
2004-04-07,21.7500,21.8500,21.5000,21.7100,9.4657,223400,0.0000,1.0000
2004-04-06,21.6700,22.1000,21.6700,22.0000,9.5921,101300,0.0000,1.0000
2004-04-05,21.8000,21.8000,21.5000,21.5700,9.4046,69300,0.0000,1.0000
2004-04-02,21.5800,21.9000,21.5700,21.6000,9.4177,54700,0.0000,1.0000
2004-04-01,21.0500,21.7000,21.0500,21.5700,9.4046,193500,0.0000,1.0000
2004-03-31,20.5900,21.3600,20.5800,21.0500,9.1779,213900,0.0000,1.0000
2004-03-30,20.9000,21.0800,20.6700,20.6900,9.0209,127000,0.0000,1.0000
2004-03-29,20.4600,21.0000,20.4000,20.7000,9.0253,115900,0.0000,1.0000
2004-03-26,19.6000,20.0300,19.5000,19.8100,8.6372,133900,0.0000,1.0000
2004-03-25,19.4600,19.7000,19.2700,19.5700,8.5326,197000,0.0000,1.0000
2004-03-24,19.5000,19.7800,19.3000,19.3000,8.4149,87000,0.0000,1.0000
2004-03-23,19.7800,20.0000,19.4300,19.5700,8.5326,99100,0.0000,1.0000
2004-03-22,19.8800,19.9500,19.3800,19.5300,8.5152,94100,0.0000,1.0000
2004-03-19,20.0800,20.1500,19.9900,20.1000,8.7637,348700,0.0000,1.0000
2004-03-18,20.8500,20.9900,19.8900,20.3300,8.8640,57600,0.0000,1.0000
2004-03-17,20.4900,20.9000,20.3000,20.6000,8.9817,127000,0.0000,1.0000
2004-03-16,21.0400,21.2400,20.2500,20.4100,8.8988,74500,0.0000,1.0000
2004-03-15,21.2600,21.7500,20.3700,20.4400,8.9119,125800,0.0000,1.0000
2004-03-12,21.0400,21.6600,21.0000,21.4000,9.3305,132300,0.0000,1.0000
2004-03-11,21.5100,21.7800,21.0200,21.0400,9.1735,60200,0.0000,1.0000
2004-03-10,21.6500,21.9500,21.3000,21.3200,9.2956,72400,0.0000,1.0000
2004-03-09,22.0800,22.0800,21.4100,21.4500,9.3523,48000,0.0000,1.0000
2004-03-08,22.5900,23.1500,22.0800,22.0800,9.6270,155200,0.0000,1.0000
2004-03-05,21.7000,22.5400,21.7000,22.3400,9.7403,81500,0.0000,1.0000
2004-03-04,22.3000,22.3000,21.6600,21.7000,9.4613,191000,0.0000,1.0000
2004-03-03,22.4500,22.4500,22.0300,22.2000,9.6793,79300,0.0000,1.0000
2004-03-02,22.5300,22.8800,22.2500,22.5100,9.8145,54000,0.0000,1.0000
2004-03-01,23.0600,23.1100,22.1700,22.7800,9.9322,350100,0.0000,1.0000
2004-02-27,21.6500,23.1100,21.5900,23.0000,10.0281,397400,0.0000,1.0000
2004-02-26,21.8000,21.8400,21.6200,21.8000,9.5049,109300,0.0000,1.0000
2004-02-25,21.8000,22.0000,21.7000,21.8500,9.5267,102100,0.0000,1.0000
2004-02-24,22.1800,22.1800,21.8500,22.0000,9.5921,264300,0.0000,1.0000
2004-02-23,22.4300,22.5700,21.8400,22.1800,9.6706,37300,0.0000,1.0000
2004-02-20,21.2500,22.5800,20.8000,22.1800,9.6706,84900,0.0000,1.0000
2004-02-19,22.3500,22.6000,22.0000,22.0500,9.6139,129200,0.0000,1.0000
2004-02-18,21.9400,22.7500,21.9400,22.7500,9.9191,180300,0.0000,1.0000
2004-02-17,22.7200,22.7900,21.1500,22.0900,9.6313,567100,0.0000,1.0000
2004-02-13,24.2300,24.2500,23.0600,23.3000,10.1589,154600,0.0000,1.0000
2004-02-12,24.0700,24.2900,23.8200,23.9800,10.4554,128000,0.0000,1.0000
2004-02-11,23.4000,24.1300,23.2100,23.8200,10.3856,141500,0.0000,1.0000
2004-02-10,23.6500,23.6700,23.0500,23.1500,10.0935,63900,0.0000,1.0000
2004-02-09,23.4600,23.7400,23.3500,23.5500,10.2679,49300,0.0000,1.0000
2004-02-06,22.9500,23.7000,22.9500,23.6700,10.3202,150200,0.0000,1.0000
2004-02-05,22.8800,23.6700,22.7800,23.1500,10.0935,172400,0.0000,1.0000
2004-02-04,23.0000,23.3100,22.9000,23.3100,10.1633,307500,0.0000,1.0000
2004-02-03,22.6000,23.0500,22.5900,23.0000,10.0281,183400,0.0000,1.0000
2004-02-02,22.7900,22.8100,21.9700,22.5500,9.8319,379400,0.0000,1.0000
2004-01-30,23.1000,23.3000,22.9100,22.9900,10.0237,232600,0.0000,1.0000
2004-01-29,24.3500,24.4500,23.2900,23.5600,10.2723,270800,0.0000,1.0000
2004-01-28,26.0300,26.0300,24.9500,25.0600,10.9263,83400,0.0000,1.0000
2004-01-27,26.0600,26.2000,25.9000,25.9800,11.3274,83300,0.0000,1.0000
2004-01-26,26.0300,26.3400,26.0300,26.1100,11.3841,66900,0.0000,1.0000
2004-01-23,24.8600,26.0200,24.7000,25.9000,11.2925,74100,0.0000,1.0000
2004-01-22,24.6500,24.8300,24.5300,24.8000,10.8129,185400,0.0000,1.0000
2004-01-21,25.6300,25.6600,24.8500,25.2200,10.9960,105700,0.0000,1.0000
2004-01-20,26.1800,26.1800,25.7400,26.0000,11.3361,105500,0.0000,1.0000
2004-01-16,25.8000,26.0300,25.5000,26.0300,11.3492,87300,0.0000,1.0000
2004-01-15,26.5000,26.5400,25.9300,25.9400,11.3100,80500,0.0000,1.0000
2004-01-14,27.3400,27.3400,26.0000,27.0700,11.8026,291200,0.0000,1.0000
2004-01-13,27.6400,28.2700,27.3600,27.3900,11.9422,199400,0.0000,1.0000
2004-01-12,27.3800,27.7400,27.2600,27.7400,12.0948,103200,0.0000,1.0000
2004-01-09,27.1200,27.4000,27.0600,27.2800,11.8942,82100,0.0000,1.0000
2004-01-08,27.0000,27.2300,26.9300,27.0000,11.7721,186400,0.0000,1.0000
2004-01-07,26.1800,27.5400,26.1500,27.0000,11.7721,276100,0.0000,1.0000
2004-01-06,26.3000,26.3500,25.6100,26.1500,11.4015,184500,0.0000,1.0000
2004-01-05,25.2800,26.2900,25.2000,26.2700,11.4538,88100,0.0000,1.0000
2004-01-02,25.1500,25.1500,24.9600,25.0800,10.9350,62700,0.0000,1.0000
2003-12-31,24.4000,25.1500,24.4000,25.1500,10.9655,55900,0.0000,1.0000
2003-12-30,24.6700,24.6700,24.0700,24.3000,10.5949,50500,0.0000,1.0000
2003-12-29,24.6000,24.7500,24.2500,24.6200,10.7344,64200,0.0000,1.0000
2003-12-26,24.7400,24.7400,24.3300,24.3300,10.6080,6700,0.0000,1.0000
2003-12-24,24.3500,24.6500,24.3500,24.6400,10.7431,6900,0.0000,1.0000
2003-12-23,24.2200,24.3500,24.0000,24.3000,10.5949,87300,0.0000,1.0000
2003-12-22,23.3100,24.2000,23.3100,24.2000,10.5513,47100,0.0000,1.0000
2003-12-19,23.1500,23.3700,23.1500,23.3100,10.1633,20500,0.0000,1.0000
2003-12-18,22.6700,23.1900,22.5700,23.1900,10.1109,99100,0.0000,1.0000
2003-12-17,23.2000,23.2000,22.4900,22.7200,9.9060,77200,0.0000,1.0000
2003-12-16,23.6000,23.6000,23.2900,23.3000,10.1589,63200,0.0000,1.0000
2003-12-15,23.6000,24.0500,23.6000,23.7300,10.3464,87500,0.0000,1.0000
2003-12-12,23.2400,23.4700,23.1200,23.4100,10.2069,75500,0.0000,1.0000
2003-12-11,22.9300,23.1900,22.9300,23.1400,10.0891,86800,0.0000,1.0000
2003-12-10,23.7400,23.7400,22.7000,22.7800,9.9322,85100,0.0000,1.0000
2003-12-09,24.2000,24.2500,23.7000,23.7400,10.3507,180400,0.0000,1.0000
2003-12-08,23.9000,24.2500,23.5200,23.7000,10.3333,330800,0.0000,1.0000
2003-12-05,22.6100,22.7000,22.5000,22.6000,9.8537,127900,0.0000,1.0000
2003-12-04,22.6000,22.7600,22.5700,22.6100,9.8581,184100,0.0000,1.0000
2003-12-03,22.5000,22.6600,22.4000,22.6000,9.8537,289300,0.0000,1.0000
2003-12-02,22.4500,22.5700,22.1800,22.5500,9.8319,178800,0.0000,1.0000
2003-12-01,22.3000,22.6800,22.3000,22.6700,9.8842,214200,0.0000,1.0000
2003-11-28,21.8600,22.3400,21.8400,22.2000,9.6793,99000,0.0000,1.0000
2003-11-26,21.4800,21.8600,21.2800,21.8600,9.5311,141000,0.0000,1.0000
2003-11-25,21.1800,21.4000,21.0600,21.3900,9.3261,120600,0.0000,1.0000
2003-11-24,21.1300,21.1600,21.0600,21.0900,9.1953,56900,0.0000,1.0000
2003-11-21,20.3500,21.1000,20.2000,21.0500,9.1779,149800,0.0000,1.0000
2003-11-20,20.2000,20.3400,20.1400,20.1500,8.7855,114500,0.0000,1.0000
2003-11-19,19.8800,20.3600,19.8500,20.0700,8.7506,44400,0.0000,1.0000
2003-11-18,19.7400,20.0400,19.7400,19.7500,8.6111,67400,0.0000,1.0000
2003-11-17,20.1900,20.1900,19.8400,19.9400,8.6939,61900,0.0000,1.0000
2003-11-14,20.1300,20.4400,19.9000,20.4400,8.9119,100200,0.0000,1.0000
2003-11-13,20.1700,20.2000,19.8500,20.0300,8.7332,92500,0.0000,1.0000
2003-11-12,20.0800,20.2800,19.6500,20.1700,8.7942,261400,0.0000,1.0000
2003-11-11,19.6800,19.8300,19.4100,19.8300,8.6460,89700,0.0000,1.0000
2003-11-10,20.2600,20.2600,19.5500,19.6900,8.5849,47600,0.0000,1.0000
2003-11-07,19.7900,20.1100,19.6800,20.0600,8.7462,69000,0.0000,1.0000
2003-11-06,19.6000,19.8000,19.3000,19.5900,8.5413,220000,0.0000,1.0000
2003-11-05,20.4000,20.4000,19.5100,19.7000,8.5893,101200,0.0000,1.0000
2003-11-04,20.5300,20.7500,20.4000,20.5000,8.9381,138000,0.0000,1.0000
2003-11-03,20.2300,20.5900,20.2300,20.5300,8.9512,366400,0.0000,1.0000
2003-10-31,20.4700,20.5000,20.0500,20.1300,8.7768,223500,0.0000,1.0000
2003-10-30,19.3500,20.5800,19.3500,20.4000,8.8945,234000,0.0000,1.0000
2003-10-29,19.0800,19.5700,19.0800,19.2500,8.3931,121000,0.0000,1.0000
2003-10-28,19.2000,19.3200,19.1300,19.2000,8.3713,97500,0.0000,1.0000
2003-10-27,18.9200,19.3600,18.8500,19.2000,8.3713,82300,0.0000,1.0000
2003-10-24,19.0000,19.0400,18.7000,18.9200,8.2492,67300,0.0000,1.0000
2003-10-23,19.0800,19.0800,18.6000,18.7100,8.1576,74000,0.0000,1.0000
2003-10-22,19.5300,19.5700,19.0700,19.1800,8.3626,491100,0.0000,1.0000
2003-10-21,18.9000,19.7100,18.9000,19.4800,8.4934,175500,0.0000,1.0000
2003-10-20,19.0000,19.1500,18.7500,18.7500,8.1751,141900,0.0000,1.0000
2003-10-17,19.0000,19.0900,18.8700,18.9500,8.2623,40700,0.0000,1.0000
2003-10-16,19.5100,19.5100,19.0100,19.0800,8.3190,59300,0.0000,1.0000
2003-10-15,19.8900,19.8900,19.4300,19.5100,8.5064,30800,0.0000,1.0000
2003-10-14,19.8300,20.0600,19.7500,19.9500,8.6983,82900,0.0000,1.0000
2003-10-13,19.5000,19.7800,19.5000,19.7300,8.6024,269000,0.0000,1.0000
2003-10-10,19.7100,19.8500,19.4500,19.4900,8.4977,39500,0.0000,1.0000
2003-10-09,19.6900,19.8700,19.5400,19.8100,8.6372,103100,0.0000,1.0000
2003-10-08,19.8500,19.9500,19.5000,19.5900,8.5413,201800,0.0000,1.0000
2003-10-07,19.5600,19.9700,19.5600,19.6000,8.5457,61800,0.0000,1.0000
2003-10-06,19.4000,19.6600,19.2600,19.4600,8.4846,36600,0.0000,1.0000
2003-10-03,19.1600,19.3500,18.9500,19.0900,8.3233,159100,0.0000,1.0000
2003-10-02,19.1000,19.2000,18.9000,19.1200,8.3364,181000,0.0000,1.0000
2003-10-01,18.9300,19.1500,18.6500,19.1500,8.3495,195500,0.0000,1.0000
2003-09-30,18.9000,18.9200,18.1600,18.8800,8.2318,107600,0.0000,1.0000
2003-09-29,18.1600,18.8200,18.0000,18.8200,8.2056,56100,0.0000,1.0000
2003-09-26,18.1800,18.3200,17.9900,18.2500,7.9571,121300,0.0000,1.0000
2003-09-25,18.5100,18.6000,17.9900,18.2000,7.9353,68200,0.0000,1.0000
2003-09-24,18.9000,18.9000,18.5000,18.5000,8.0661,77200,0.0000,1.0000
2003-09-23,18.9600,19.1400,18.6300,18.7300,8.1664,86800,0.0000,1.0000
2003-09-22,18.9300,18.9300,18.7000,18.8300,8.2100,35200,0.0000,1.0000
2003-09-19,19.0100,19.1510,18.7800,18.9000,8.2405,153800,0.0000,1.0000
2003-09-18,19.7700,19.8600,18.5800,18.9000,8.2405,418400,0.0000,1.0000
2003-09-17,19.5000,19.6200,19.2000,19.5100,8.5064,189900,0.0000,1.0000
2003-09-16,19.0000,19.2800,18.9900,19.2400,8.3887,174900,0.0000,1.0000
2003-09-15,18.9500,19.3300,18.7500,19.1000,8.3277,130700,0.0000,1.0000
2003-09-12,18.8300,19.2100,18.4600,18.8400,8.2143,227200,0.0000,1.0000
2003-09-11,19.0200,19.2500,18.8000,18.8000,8.1969,276200,0.0000,1.0000
2003-09-10,18.8200,19.5000,18.8200,19.0500,8.3059,146400,0.0000,1.0000
2003-09-09,20.0000,20.0000,19.0400,19.0700,8.3146,203700,0.0000,1.0000
2003-09-08,20.5000,20.6800,19.8900,19.9000,8.6765,115900,0.0000,1.0000
2003-09-05,20.3800,20.7500,20.2600,20.2900,8.8465,99600,0.0000,1.0000
2003-09-04,20.2300,20.8800,20.2300,20.2800,8.8422,188700,0.0000,1.0000
2003-09-03,20.0400,20.5500,19.9500,20.2300,8.8204,112200,0.0000,1.0000
2003-09-02,19.9100,20.3000,19.6200,19.9900,8.7157,145100,0.0000,1.0000
2003-08-29,19.5000,20.0400,19.4800,19.6600,8.5718,127800,0.0000,1.0000
2003-08-28,19.7000,19.9500,19.4300,19.4300,8.4716,194200,0.0000,1.0000
2003-08-27,19.1700,19.6500,19.1700,19.6000,8.5457,144700,0.0000,1.0000
2003-08-26,19.0300,19.2000,19.0000,19.0200,8.2928,64800,0.0000,1.0000
2003-08-25,19.5800,19.5800,19.0100,19.0300,8.2972,80800,0.0000,1.0000
2003-08-22,19.7800,19.9300,19.1400,19.4800,8.4934,173900,0.0000,1.0000
2003-08-21,19.4700,19.9500,19.3500,19.9500,8.6983,351700,0.0000,1.0000
2003-08-20,19.0000,19.8100,18.9500,19.7700,8.6198,186700,0.0000,1.0000
2003-08-19,19.2000,19.2000,18.9100,19.0000,8.2841,192900,0.0000,1.0000
2003-08-18,19.2200,19.4200,19.1500,19.1500,8.3495,83600,0.0000,1.0000
2003-08-15,19.0300,19.3700,19.0000,19.1100,8.3320,74200,0.0000,1.0000
2003-08-14,18.0400,19.0000,17.9600,18.9500,8.2623,180000,0.0000,1.0000
2003-08-13,17.6400,18.1100,17.6100,17.9900,7.8437,239600,0.0000,1.0000
2003-08-12,17.4000,17.9000,17.3800,17.6500,7.6955,159100,0.0000,1.0000
2003-08-11,18.0100,18.0100,17.3600,17.5000,7.6301,189700,0.0000,1.0000
2003-08-08,18.1000,18.1000,17.8500,17.9300,7.8176,47200,0.0000,1.0000
2003-08-07,17.6000,18.0800,17.5800,17.9900,7.8437,120100,0.0000,1.0000
2003-08-06,17.7800,17.7800,17.5000,17.5900,7.6693,170400,0.0000,1.0000
2003-08-05,17.4700,18.0000,17.4700,17.8600,7.7870,203600,0.0000,1.0000
2003-08-04,17.9800,17.9800,17.1000,17.4000,7.5865,480200,0.0000,1.0000
2003-08-01,18.5400,18.5400,17.8900,18.0200,7.8568,419000,0.0000,1.0000
2003-07-31,17.8400,18.6600,17.7500,18.6500,8.1315,217000,0.0000,1.0000
2003-07-30,17.6700,18.4000,17.6500,17.8200,7.7696,245600,0.0000,1.0000
2003-07-29,17.6600,17.6700,17.2600,17.5700,7.6606,111000,0.0000,1.0000
2003-07-28,17.2300,17.9200,17.0600,17.6100,7.6780,123900,0.0000,1.0000
2003-07-25,17.5000,17.5600,16.8900,16.9800,7.4034,305700,0.0000,1.0000
2003-07-24,17.2000,17.8000,17.1500,17.3000,7.5429,191000,0.0000,1.0000
2003-07-23,17.6500,17.7900,17.1000,17.1000,7.4557,300800,0.0000,1.0000
2003-07-22,16.7700,17.5600,16.6500,17.4500,7.6083,417200,0.0000,1.0000
2003-07-21,16.0000,16.8000,16.0000,16.6400,7.2551,190500,0.0000,1.0000
2003-07-18,15.9300,16.2000,15.8300,16.2000,7.0633,149000,0.0000,1.0000
2003-07-17,15.8500,16.0500,15.4500,15.8700,6.9194,381200,0.0000,1.0000
2003-07-16,16.4500,16.4500,15.7000,15.8200,6.8976,215000,0.0000,1.0000
2003-07-15,16.4500,16.6000,16.3400,16.3500,7.1287,283700,0.0000,1.0000
2003-07-14,16.2100,16.5000,16.1500,16.5000,7.1941,122100,0.0000,1.0000
2003-07-11,16.1500,16.4000,16.1000,16.2000,7.0633,94100,0.0000,1.0000
2003-07-10,16.1000,16.3500,16.0000,16.1500,7.0415,108200,0.0000,1.0000
2003-07-09,15.7500,16.1000,15.7100,16.0900,7.0153,77700,0.0000,1.0000
2003-07-08,15.5000,16.1400,15.4900,15.9000,6.9325,248300,0.0000,1.0000
2003-07-07,15.5000,15.6400,15.3500,15.5000,6.7581,133100,0.0000,1.0000
2003-07-03,15.6500,15.6500,15.5000,15.5000,6.7581,12300,0.0000,1.0000
2003-07-02,15.6800,15.8800,15.6400,15.6400,6.8191,147000,0.0000,1.0000
2003-07-01,15.4500,15.7000,15.2000,15.6800,6.8365,242100,0.0000,1.0000
2003-06-30,15.4000,15.4300,15.1500,15.3400,6.6883,138000,0.0000,1.0000
2003-06-27,15.2500,15.3000,15.1000,15.2300,6.6403,99300,0.0000,1.0000
2003-06-26,15.1000,15.3900,15.0800,15.2700,6.6578,90700,0.0000,1.0000
2003-06-25,15.0700,15.3200,15.0700,15.2500,6.6491,157000,0.0000,1.0000
2003-06-24,15.2900,15.3200,15.0100,15.1000,6.5837,164600,0.0000,1.0000
2003-06-23,15.6500,15.6900,15.0000,15.3000,6.6709,156500,0.0000,1.0000
2003-06-20,15.5500,15.7000,15.3000,15.7000,6.8453,113200,0.0000,1.0000
2003-06-19,15.6500,15.6600,15.3800,15.5000,6.7581,170200,0.0000,1.0000
2003-06-18,15.7000,15.7900,15.4500,15.5500,6.7799,83100,0.0000,1.0000
2003-06-17,15.8700,16.0000,15.6000,15.7000,6.8453,295000,0.0000,1.0000
2003-06-16,15.9800,16.1100,15.8400,15.8600,6.9150,87800,0.0000,1.0000
2003-06-13,16.0000,16.0000,15.8000,15.8000,6.8889,113400,0.0000,1.0000
2003-06-12,16.0500,16.1100,15.9700,16.0000,6.9761,54900,0.0000,1.0000
2003-06-11,16.0500,16.1000,15.9300,16.0500,6.9979,83200,0.0000,1.0000
2003-06-10,16.3000,16.3900,15.8000,16.0000,6.9761,84300,0.0000,1.0000
2003-06-09,16.2500,16.2500,16.0300,16.1700,7.0502,60800,0.0000,1.0000
2003-06-06,17.0500,17.1900,16.3600,16.3600,7.1330,199400,0.0000,1.0000
2003-06-05,15.7500,16.5300,15.7500,16.3600,7.1330,617300,0.0000,1.0000
2003-06-04,15.2500,15.7500,15.2500,15.7300,6.8583,180600,0.0000,1.0000
2003-06-03,15.2200,15.2500,15.0700,15.2000,6.6273,71300,0.0000,1.0000
2003-06-02,15.2000,15.2500,15.1100,15.2200,6.6360,102500,0.0000,1.0000
2003-05-30,15.0000,15.1900,14.9000,15.1500,6.6055,226600,0.0000,1.0000
2003-05-29,15.0500,15.1500,14.9800,15.0600,6.5662,216700,0.0000,1.0000
2003-05-28,15.0500,15.0800,14.9400,15.0500,6.5619,125500,0.0000,1.0000
2003-05-27,15.2000,15.2800,14.9500,14.9500,6.5183,100900,0.0000,1.0000
2003-05-23,15.1500,15.3800,15.1200,15.2700,6.6578,85500,0.0000,1.0000
2003-05-22,15.2000,15.2000,14.9500,15.1500,6.6055,69100,0.0000,1.0000
2003-05-21,14.8500,15.3200,14.3500,15.1500,6.6055,300500,0.0000,1.0000
2003-05-20,15.3000,15.3000,14.6800,14.8500,6.4747,160300,0.0000,1.0000
2003-05-19,15.8000,15.8100,15.3000,15.3000,6.6709,66900,0.0000,1.0000
2003-05-16,15.8000,15.9600,15.7500,15.9000,6.9325,137600,0.0000,1.0000
2003-05-15,16.4000,16.4100,15.7900,15.7900,6.8845,240300,0.0000,1.0000
2003-05-14,16.3100,16.6000,16.3100,16.4600,7.1766,342200,0.0000,1.0000
2003-05-13,16.3500,16.6200,16.3500,16.4100,7.1548,305900,0.0000,1.0000
2003-05-12,15.9500,16.2400,15.8400,16.2400,7.0807,215900,0.0000,1.0000
2003-05-09,15.5500,16.0000,15.5500,15.9500,6.9543,127900,0.0000,1.0000
2003-05-08,15.1500,15.8000,15.1200,15.5200,6.7668,358600,0.0000,1.0000
2003-05-07,15.0000,15.3000,14.9000,15.2700,6.6578,137300,0.0000,1.0000
2003-05-06,15.0800,15.2000,14.9800,15.0000,6.5401,140000,0.0000,1.0000
2003-05-05,15.2000,15.3000,15.0900,15.1800,6.6185,143600,0.0000,1.0000
2003-05-02,14.4500,15.2000,14.4400,15.2000,6.6273,190300,0.0000,1.0000
2003-05-01,14.4500,14.5100,14.2600,14.3500,6.2567,337100,0.0000,1.0000
2003-04-30,14.5000,14.6000,14.4000,14.5000,6.3221,117000,0.1786,1.0000
2003-04-29,14.6500,14.7900,14.6000,14.6300,6.3011,109800,0.0000,1.0000
2003-04-28,14.2000,14.5500,14.1500,14.4600,6.2279,233200,0.0000,1.0000
2003-04-25,14.0000,14.3400,14.0000,14.2700,6.1461,109100,0.0000,1.0000
2003-04-24,14.2000,14.3500,14.0600,14.1000,6.0729,111500,0.0000,1.0000
2003-04-23,14.1000,14.5000,14.0500,14.3000,6.1590,94800,0.0000,1.0000
2003-04-22,13.9700,14.1100,13.6100,14.0500,6.0513,123700,0.0000,1.0000
2003-04-21,13.8600,14.1200,13.8000,13.9500,6.0083,43300,0.0000,1.0000
2003-04-17,13.2000,13.8500,13.1500,13.8200,5.9523,374400,0.0000,1.0000
2003-04-16,13.4700,13.5100,13.0500,13.2000,5.6852,162800,0.0000,1.0000
2003-04-15,13.3000,13.6000,13.3000,13.4700,5.8015,89300,0.0000,1.0000
2003-04-14,13.1500,13.4600,13.1500,13.3100,5.7326,62600,0.0000,1.0000
2003-04-11,13.1000,13.2700,12.9800,13.1000,5.6422,62700,0.0000,1.0000
2003-04-10,13.3600,13.4000,13.0000,13.0400,5.6163,59000,0.0000,1.0000
2003-04-09,13.5100,13.6000,13.3100,13.3800,5.7628,43500,0.0000,1.0000
2003-04-08,13.8000,13.8000,13.4000,13.4800,5.8058,247500,0.0000,1.0000
2003-04-07,13.7300,14.1100,13.6200,13.7000,5.9006,22700,0.0000,1.0000
2003-04-04,13.7000,13.7000,13.5500,13.6100,5.8618,77200,0.0000,1.0000
2003-04-03,13.9800,14.0600,13.6000,13.7100,5.9049,452100,0.0000,1.0000
2003-04-02,13.5300,13.8000,13.4500,13.7300,5.9135,160300,0.0000,1.0000
2003-04-01,12.7000,13.3100,12.6800,13.2500,5.7068,136900,0.0000,1.0000
2003-03-31,12.9000,12.9000,12.4600,12.6200,5.4354,10900,0.0000,1.0000
2003-03-28,12.7000,12.8700,12.6600,12.8700,5.5431,30900,0.0000,1.0000
2003-03-27,13.0500,13.3000,12.4000,12.7000,5.4699,78300,0.0000,1.0000
2003-03-26,13.7500,13.7600,12.7600,12.9500,5.5776,78800,0.0000,1.0000
2003-03-25,13.3000,14.1500,13.2600,13.7800,5.9350,36800,0.0000,1.0000
2003-03-24,13.5900,13.6600,13.4000,13.4000,5.7714,63700,0.0000,1.0000
2003-03-21,13.3300,13.7400,13.2900,13.6800,5.8920,22400,0.0000,1.0000
2003-03-20,13.1400,13.3700,12.6500,13.3500,5.7498,93600,0.0000,1.0000
2003-03-19,13.2000,13.2000,12.9500,13.1000,5.6422,160400,0.0000,1.0000
2003-03-18,12.5000,13.3100,12.4000,13.2500,5.7068,202100,0.0000,1.0000
2003-03-17,12.0000,12.2600,11.7500,12.2600,5.2804,126000,0.0000,1.0000
2003-03-14,12.5000,12.6000,12.2000,12.3500,5.3191,99000,0.0000,1.0000
2003-03-13,11.8000,12.5000,11.8000,12.4500,5.3622,175600,0.0000,1.0000
2003-03-12,11.5300,11.5300,11.2500,11.5000,4.9530,142600,0.0000,1.0000
2003-03-11,11.5000,11.6700,11.4700,11.6000,4.9961,107000,0.0000,1.0000
2003-03-10,11.9400,11.9400,11.1500,11.4400,4.9272,94200,0.0000,1.0000
2003-03-07,12.3000,12.3000,11.9500,11.9800,5.1598,100500,0.0000,1.0000
2003-03-06,12.1200,12.4300,12.1200,12.2000,5.2545,33800,0.0000,1.0000
2003-03-05,12.1500,12.2900,11.9700,12.2200,5.2631,68400,0.0000,1.0000
2003-03-04,12.5000,12.5200,12.1000,12.1000,5.2115,16300,0.0000,1.0000
2003-03-03,12.5200,12.5400,12.5000,12.5300,5.3967,1000,0.0000,1.0000
2003-02-28,12.1900,12.5000,12.1900,12.4900,5.3794,37800,0.0000,1.0000
2003-02-27,12.1000,12.2000,12.0000,12.1900,5.2502,15700,0.0000,1.0000
2003-02-26,12.3500,12.5500,12.0800,12.1000,5.2115,76200,0.0000,1.0000
2003-02-25,12.5500,12.5700,12.1100,12.3500,5.3191,41900,0.0000,1.0000
2003-02-24,12.8500,12.8500,12.4900,12.5500,5.4053,62300,0.0000,1.0000
2003-02-21,13.0500,13.0500,12.8700,12.9500,5.5776,31600,0.0000,1.0000
2003-02-20,13.4500,13.4500,12.7000,13.0000,5.5991,101000,0.0000,1.0000
2003-02-19,13.8600,13.8600,13.2100,13.3500,5.7498,73900,0.0000,1.0000
2003-02-18,13.1000,13.9900,13.0500,13.9500,6.0083,55300,0.0000,1.0000
2003-02-14,12.9100,13.1700,12.8000,13.0500,5.6206,220600,0.0000,1.0000
2003-02-13,13.0000,13.0000,12.8000,12.8100,5.5173,71100,0.0000,1.0000
2003-02-12,12.8500,13.2900,12.8000,13.0800,5.6335,140000,0.0000,1.0000
2003-02-11,12.6000,13.2500,12.6000,12.8000,5.5130,111000,0.0000,1.0000
2003-02-10,12.9400,12.9400,12.4200,12.7000,5.4699,125700,0.0000,1.0000
2003-02-07,13.3100,13.3100,12.9000,13.0400,5.6163,38000,0.0000,1.0000
2003-02-06,13.6500,13.6500,13.3000,13.4100,5.7757,117800,0.0000,1.0000
2003-02-05,13.6400,13.9500,13.6000,13.6400,5.8747,77500,0.0000,1.0000
2003-02-04,14.1300,14.1600,13.5200,13.6400,5.8747,80200,0.0000,1.0000
2003-02-03,14.2800,14.3300,14.1700,14.2300,6.1289,20200,0.0000,1.0000
2003-01-31,14.5500,14.5500,14.1900,14.3000,6.1590,141900,0.0000,1.0000
2003-01-30,14.6200,14.6800,14.5000,14.5500,6.2667,102100,0.0000,1.0000
2003-01-29,14.3000,14.4800,14.1100,14.4400,6.2193,110500,0.0000,1.0000
2003-01-28,14.3000,14.4800,14.1100,14.4400,6.2193,110500,0.0000,1.0000
2003-01-27,14.6000,14.7800,14.1200,14.1500,6.0944,112500,0.0000,1.0000
2003-01-24,15.4000,15.4000,14.7000,14.8700,6.4045,175200,0.0000,1.0000
2003-01-23,15.7100,15.7700,15.5400,15.5600,6.7017,190200,0.0000,1.0000
2003-01-22,15.5000,15.7500,15.4900,15.6400,6.7361,117500,0.0000,1.0000
2003-01-21,15.3900,15.9500,15.0500,15.7000,6.7620,153700,0.0000,1.0000
2003-01-17,15.6200,15.6200,15.3500,15.5000,6.6758,152800,0.0000,1.0000
2003-01-16,15.5500,15.8500,15.5500,15.7000,6.7620,84000,0.0000,1.0000
2003-01-15,15.9000,15.9000,15.5000,15.5400,6.6931,88800,0.0000,1.0000
2003-01-14,15.7500,15.8500,15.7200,15.7400,6.7792,100100,0.0000,1.0000
2003-01-13,16.0000,16.0000,15.7500,15.7500,6.7835,11600,0.0000,1.0000
2003-01-10,15.8600,15.8600,15.7500,15.8000,6.8050,36900,0.0000,1.0000
2003-01-09,15.9000,16.0500,15.6700,15.8500,6.8266,150900,0.0000,1.0000
2003-01-08,15.6500,15.8600,15.6000,15.7600,6.7878,136600,0.0000,1.0000
2003-01-07,16.0000,16.0700,15.5800,15.5800,6.7103,122500,0.0000,1.0000
2003-01-06,15.8600,16.4000,15.8600,16.2500,6.9989,114800,0.0000,1.0000
2003-01-03,15.6100,15.8300,15.6000,15.6600,6.7448,106700,0.0000,1.0000
2003-01-02,15.2500,15.6000,15.1800,15.5900,6.7146,39900,0.0000,1.0000
2002-12-31,15.3000,15.3200,15.2100,15.3000,6.5897,28300,0.0000,1.0000
2002-12-30,15.3500,15.3500,15.1500,15.2000,6.5466,30300,0.0000,1.0000
2002-12-27,15.1000,15.4400,15.1000,15.4000,6.6328,60800,0.0000,1.0000
2002-12-26,15.2300,15.3500,15.2100,15.2100,6.5509,23200,0.0000,1.0000
2002-12-24,15.2500,15.4700,15.2500,15.3300,6.6026,12500,0.0000,1.0000
2002-12-23,15.0000,15.2500,15.0000,15.1800,6.5380,29700,0.0000,1.0000
2002-12-20,15.4500,15.7000,14.9000,15.2000,6.5466,143900,0.0000,1.0000
2002-12-19,15.2000,15.4200,15.1700,15.2700,6.5768,79800,0.0000,1.0000
2002-12-18,15.0000,15.4800,15.0000,15.2200,6.5552,106200,0.0000,1.0000
2002-12-17,15.0100,15.5000,15.0100,15.2000,6.5466,166700,0.0000,1.0000
2002-12-16,14.6000,15.1800,14.6000,15.0200,6.4691,329500,0.0000,1.0000
2002-12-13,14.5000,14.6000,14.4500,14.5000,6.2451,17000,0.0000,1.0000
2002-12-12,14.4300,14.4800,14.2400,14.4500,6.2236,156300,0.0000,1.0000
2002-12-11,14.3500,14.4600,14.0000,14.4500,6.2236,114000,0.0000,1.0000
2002-12-10,14.5000,14.8400,14.1500,14.2500,6.1375,121700,0.0000,1.0000
2002-12-09,14.7500,14.7500,14.0000,14.1500,6.0944,66500,0.0000,1.0000
2002-12-06,14.7000,14.8500,14.7000,14.8000,6.3743,32600,0.0000,1.0000
2002-12-05,14.7500,14.8500,14.4500,14.6200,6.2968,71000,0.0000,1.0000
2002-12-04,14.6500,15.0400,14.5500,14.6000,6.2882,113400,0.0000,1.0000
2002-12-03,15.8500,15.9200,14.9300,15.0500,6.4820,107100,0.0000,1.0000
2002-12-02,15.4500,16.2200,15.4500,15.8000,6.8050,149600,0.0000,1.0000
2002-11-29,15.6500,15.6500,15.5000,15.6000,6.7189,79600,0.0000,1.0000
2002-11-27,15.5000,15.6500,15.3800,15.5000,6.6758,71000,0.0000,1.0000
2002-11-26,15.6100,15.6500,15.4000,15.4000,6.6328,120200,0.0000,1.0000
2002-11-25,15.7200,15.9100,15.3000,15.6100,6.7232,52900,0.0000,1.0000
2002-11-22,15.6000,15.8400,15.6000,15.7200,6.7706,84500,0.0000,1.0000
2002-11-21,15.5400,15.6900,15.5400,15.6800,6.7534,54800,0.0000,1.0000
2002-11-20,15.0000,15.5700,15.0000,15.5400,6.6931,167800,0.0000,1.0000
2002-11-19,15.5500,15.5500,14.7000,15.0000,6.4605,196100,0.0000,1.0000
2002-11-18,15.7500,15.7500,15.5000,15.5000,6.6758,59100,0.0000,1.0000
2002-11-15,15.7400,15.8500,15.7000,15.7400,6.7792,9100,0.0000,1.0000
2002-11-14,16.1100,16.1100,15.5000,15.6500,6.7404,139800,0.0000,1.0000
2002-11-13,16.4300,16.4300,15.8000,16.2400,6.9946,112800,0.0000,1.0000
2002-11-12,16.6500,16.8500,16.3500,16.4300,7.0764,92000,0.0000,1.0000
2002-11-11,16.6400,16.8000,16.5900,16.8000,7.2357,50100,0.0000,1.0000
2002-11-08,15.9900,16.5500,15.9900,16.5300,7.1195,90000,0.0000,1.0000
2002-11-07,15.5600,15.8600,15.1800,15.8000,6.8050,153700,0.0000,1.0000
2002-11-06,15.6800,16.3000,15.4800,15.6500,6.7404,64100,0.0000,1.0000
2002-11-05,16.1400,16.1400,15.6000,15.7800,6.7964,49200,0.0000,1.0000
2002-11-04,15.9000,16.5000,15.9000,16.2300,6.9902,57500,0.0000,1.0000
2002-11-01,15.6200,16.2500,15.6200,16.0000,6.8912,151500,0.0000,1.0000
2002-10-31,16.2500,16.7700,15.4600,15.5200,6.6845,204400,0.0000,1.0000
2002-10-30,14.2000,16.0400,14.2000,16.0300,6.9041,100300,0.0000,1.0000
2002-10-29,14.3500,14.4700,13.9000,14.3000,6.1590,81800,0.0000,1.0000
2002-10-28,14.6000,14.8400,14.4500,14.4500,6.2236,93000,0.0000,1.0000
2002-10-25,14.2500,14.7400,14.1200,14.5700,6.2753,111100,0.0000,1.0000
2002-10-24,13.5000,14.2600,13.4300,14.2000,6.1159,261200,0.0000,1.0000
2002-10-23,12.1000,13.4000,12.1000,13.0500,5.6206,242200,0.0000,1.0000
2002-10-22,12.2500,12.2500,11.9000,12.0000,5.1684,167100,0.0000,1.0000
2002-10-21,12.0500,12.4000,12.0500,12.1500,5.2330,86200,0.0000,1.0000
2002-10-18,12.6500,12.6500,11.8000,12.0200,5.1770,346500,0.0000,1.0000
2002-10-17,11.4800,11.7900,11.4600,11.7000,5.0392,296100,0.0000,1.0000
2002-10-16,11.5000,11.5500,11.3600,11.4800,4.9444,36800,0.0000,1.0000
2002-10-15,11.8300,11.9000,11.3900,11.6000,4.9961,87200,0.0000,1.0000
2002-10-14,12.1000,12.1800,10.9000,11.6000,4.9961,128100,0.0000,1.0000
2002-10-11,12.1900,12.3000,11.9700,12.2000,5.2545,376600,0.0000,1.0000
2002-10-10,12.0100,12.3300,11.9500,12.1600,5.2373,155000,0.0000,1.0000
2002-10-09,11.9500,12.0200,11.7200,11.9700,5.1555,119800,0.0000,1.0000
2002-10-08,11.7500,12.2000,11.6600,12.0100,5.1727,57700,0.0000,1.0000
2002-10-07,12.9000,12.9000,11.7500,11.8000,5.0823,32600,0.0000,1.0000
2002-10-04,12.9200,12.9200,12.8000,12.8100,5.5173,96500,0.0000,1.0000
2002-10-03,12.4500,13.1900,12.4000,13.0200,5.6077,109600,0.0000,1.0000
2002-10-02,12.6300,13.2000,12.3000,12.3300,5.3105,198200,0.0000,1.0000
2002-10-01,11.9400,12.8400,11.9000,12.7000,5.4699,150200,0.0000,1.0000
2002-09-30,12.4000,12.4100,11.8100,11.8400,5.0995,184900,0.0000,1.0000
2002-09-27,12.9400,12.9400,12.4300,12.5000,5.3837,217500,0.0000,1.0000
2002-09-26,12.8500,12.9800,12.7700,12.9400,5.5732,197700,0.0000,1.0000
2002-09-25,12.8000,13.1000,12.6000,12.7800,5.5043,203200,0.0000,1.0000
2002-09-24,13.0600,13.1800,12.6500,12.7000,5.4699,130100,0.0000,1.0000
2002-09-23,13.7500,13.7500,13.0300,13.0700,5.6292,47500,0.0000,1.0000
2002-09-20,13.9000,14.1300,13.9000,14.1000,6.0729,28800,0.0000,1.0000
2002-09-19,14.3000,14.3000,13.8000,13.8100,5.9480,84600,0.0000,1.0000
2002-09-18,15.0500,15.0500,14.1000,14.2500,6.1375,55000,0.0000,1.0000
2002-09-17,15.5500,15.6200,15.0500,15.0500,6.4820,145700,0.0000,1.0000
2002-09-16,15.7000,15.8800,15.4500,15.4500,6.6543,90900,0.0000,1.0000
2002-09-13,15.6500,16.1100,15.6500,15.7500,6.7835,138700,0.0000,1.0000
2002-09-12,16.2500,16.2500,15.5000,15.6600,6.7448,39700,0.0000,1.0000
2002-09-11,15.8500,16.0500,15.8500,16.0500,6.9127,24900,0.0000,1.0000
2002-09-10,15.2000,15.6500,15.2000,15.5200,6.6845,115200,0.0000,1.0000
2002-09-09,14.6000,15.1700,14.6000,15.1000,6.5036,18000,0.0000,1.0000
2002-09-06,14.8000,14.8000,14.4000,14.5500,6.2667,73700,0.0000,1.0000
2002-09-05,14.5000,14.8500,14.1500,14.6000,6.2882,144100,0.0000,1.0000
2002-09-04,14.9000,14.9000,14.2500,14.7500,6.3528,77800,0.0000,1.0000
2002-09-03,15.4500,15.4500,14.9000,14.9500,6.4390,72400,0.0000,1.0000
2002-08-30,15.4900,15.5600,15.3900,15.3900,6.6285,52100,0.0000,1.0000
2002-08-29,15.4000,15.5100,15.2000,15.4600,6.6586,42800,0.0000,1.0000
2002-08-28,16.0100,16.0100,15.3500,15.5500,6.6974,124700,0.0000,1.0000
2002-08-27,15.3000,16.1700,15.3000,16.0000,6.8912,233500,0.0000,1.0000
2002-08-26,14.8600,15.4000,14.8600,15.4000,6.6328,63200,0.0000,1.0000
2002-08-23,15.0000,15.1000,14.9500,14.9600,6.4433,122100,0.0000,1.0000
2002-08-22,14.5800,15.4000,14.5800,15.0100,6.4648,301500,0.0000,1.0000
2002-08-21,14.2000,14.6000,14.2000,14.5500,6.2667,77700,0.0000,1.0000
2002-08-20,13.9500,14.3400,13.8500,14.1500,6.0944,94600,0.0000,1.0000
2002-08-19,14.2000,14.7200,13.6000,14.0500,6.0513,109800,0.0000,1.0000
2002-08-16,12.5000,14.2500,12.2500,14.2500,6.1375,297400,0.0000,1.0000
2002-08-15,12.5300,13.0500,12.1500,12.1500,5.2330,113100,0.0000,1.0000
2002-08-14,12.6000,12.6000,12.4000,12.5300,5.3967,80300,0.0000,1.0000
2002-08-13,13.4000,13.4000,12.6000,12.6500,5.4483,133700,0.0000,1.0000
2002-08-12,14.1500,14.1500,13.2500,13.5000,5.8144,107700,0.0000,1.0000
2002-08-09,15.6500,15.6500,13.9000,14.0500,6.0513,167200,0.0000,1.0000
2002-08-08,16.3500,16.3500,15.4800,16.0000,6.8912,205700,0.0000,1.0000
2002-08-07,13.4000,14.5200,13.4000,14.4500,6.2236,89900,0.0000,1.0000
2002-08-06,12.9400,13.6500,12.8400,13.3000,5.7283,159700,0.0000,1.0000
2002-08-05,13.9000,14.1900,13.2300,13.2400,5.7025,103500,0.0000,1.0000
2002-08-02,12.7500,14.1000,12.7500,13.8000,5.9437,124100,0.0000,1.0000
2002-08-01,12.0000,12.8000,12.0000,12.6500,5.4483,199900,0.0000,1.0000
2002-07-31,11.9000,12.0000,11.7000,11.9800,5.1598,95200,0.0000,1.0000
2002-07-30,12.4000,12.5000,11.5000,12.0000,5.1684,257300,0.0000,1.0000
2002-07-29,13.5000,13.5000,12.7300,12.8900,5.5517,198600,0.0000,1.0000
2002-07-26,13.8500,13.8600,13.0000,13.5000,5.8144,249200,0.0000,1.0000
2002-07-25,14.8500,14.8600,14.0000,14.1000,6.0729,129300,0.0000,1.0000
2002-07-24,14.6500,14.9000,14.4000,14.9000,6.4174,199800,0.0000,1.0000
2002-07-23,15.1000,15.1000,14.0700,14.6500,6.3097,266100,0.0000,1.0000
2002-07-22,16.2500,16.3200,15.1000,15.1000,6.5036,153200,0.0000,1.0000
2002-07-19,17.0000,17.0000,16.9000,16.9000,7.2788,97700,0.0000,1.0000
2002-07-18,16.6200,17.0800,16.6200,16.8900,7.2745,18400,0.0000,1.0000
2002-07-17,16.4500,16.6000,16.4500,16.5200,7.1152,40500,0.0000,1.0000
2002-07-16,16.6800,16.6800,16.3900,16.4200,7.0721,40200,0.0000,1.0000
2002-07-15,16.9500,16.9500,16.4200,16.7000,7.1927,16300,0.0000,1.0000
2002-07-12,17.3000,17.3000,16.8500,16.9000,7.2788,54000,0.0000,1.0000
2002-07-11,17.0000,17.1000,16.8000,16.9500,7.3004,126700,0.0000,1.0000
2002-07-10,17.4000,17.4000,17.0100,17.1900,7.4037,22200,0.0000,1.0000
2002-07-09,17.2500,17.4500,17.2500,17.3800,7.4856,156700,0.0000,1.0000
2002-07-08,17.8000,17.8000,17.2000,17.3000,7.4511,153500,0.0000,1.0000
2002-07-05,18.2000,18.2500,17.7500,17.7500,7.6449,60100,0.0000,1.0000
2002-07-03,18.0000,18.2500,17.8000,18.1500,7.8172,68300,0.0000,1.0000
2002-07-02,18.2000,18.3700,17.9900,17.9900,7.7483,176200,0.0000,1.0000
2002-07-01,17.9000,18.4000,17.8000,18.2000,7.8387,147000,0.0000,1.0000
2002-06-28,17.3500,17.7900,17.3500,17.7900,7.6621,86000,0.0000,1.0000
2002-06-27,16.7000,17.4000,16.6800,17.2800,7.4425,70300,0.0000,1.0000
2002-06-26,17.0000,17.0000,16.3900,16.6000,7.1496,60800,0.0000,1.0000
2002-06-25,17.0900,17.6400,17.0500,17.1300,7.3779,134200,0.0000,1.0000
2002-06-24,16.5000,17.5000,16.4500,17.1700,7.3951,108400,0.0000,1.0000
2002-06-21,17.1000,17.2600,16.5600,16.7000,7.1927,171800,0.0000,1.0000
2002-06-20,18.0000,18.2600,16.8000,17.1500,7.3865,76400,0.0000,1.0000
2002-06-19,18.6500,19.0800,17.9000,17.9000,7.7095,156000,0.0000,1.0000
2002-06-18,18.4000,18.7500,18.2500,18.2600,7.8646,52000,0.0000,1.0000
2002-06-17,17.3500,18.5000,17.3500,18.3000,7.8818,52700,0.0000,1.0000
2002-06-14,17.3800,17.3800,17.2500,17.2500,7.4296,74700,0.0000,1.0000
2002-06-13,17.1900,18.0400,17.1900,17.3500,7.4726,57800,0.0000,1.0000
2002-06-12,18.2500,18.2500,17.0500,17.1000,7.3650,150800,0.0000,1.0000
2002-06-11,18.7000,19.1500,18.4000,18.4000,7.9249,161900,0.0000,1.0000
2002-06-10,17.9000,18.9200,17.9000,18.8000,8.0971,97500,0.0000,1.0000
2002-06-07,18.1500,18.4400,17.9000,17.9000,7.7095,112400,0.0000,1.0000
2002-06-06,19.4000,19.4000,18.3900,18.3900,7.9206,191600,0.0000,1.0000
2002-06-05,20.2500,20.3000,19.5500,19.6100,8.4460,51300,0.0000,1.0000
2002-06-04,20.7000,20.7000,20.2000,20.2100,8.7044,45400,0.0000,1.0000
2002-06-03,20.9500,20.9500,20.6500,20.7500,8.9370,33600,0.0000,1.0000
2002-05-31,21.2000,21.4000,20.9500,20.9500,9.0232,81500,0.0000,1.0000
2002-05-30,20.6500,21.3200,20.6500,21.1000,9.0878,52300,0.0000,1.0000
2002-05-29,20.2800,20.6500,20.2800,20.6500,8.8939,82600,0.0000,1.0000
2002-05-28,20.7800,20.7800,20.0000,20.2500,8.7217,102600,0.0000,1.0000
2002-05-24,20.8000,21.0800,20.7800,20.8500,8.9801,61600,0.0000,1.0000
2002-05-23,21.0000,21.1000,20.5500,20.7500,8.9370,86600,0.0000,1.0000
2002-05-22,20.7700,21.2000,20.7700,21.0000,9.0447,77400,0.0000,1.0000
2002-05-21,20.7000,20.7500,20.5500,20.7200,8.9241,181700,0.0000,1.0000
2002-05-20,20.6500,20.6700,20.5000,20.6400,8.8896,15500,0.0000,1.0000
2002-05-17,20.7000,20.8000,20.5900,20.5900,8.8681,59000,0.0000,1.0000
2002-05-16,20.7000,20.7000,20.3000,20.6000,8.8724,102900,0.0000,1.0000
2002-05-15,20.6100,20.8500,20.5000,20.6000,8.8724,70800,0.0000,1.0000
2002-05-14,19.8800,20.8000,19.7600,20.6000,8.8724,68100,0.0000,1.0000
2002-05-13,19.9000,20.0500,19.3100,19.7300,8.4977,113300,0.0000,1.0000
2002-05-10,20.9100,20.9200,19.4000,20.0000,8.6140,469500,0.0000,1.0000
2002-05-09,22.4000,22.4100,20.7000,21.0000,9.0447,221200,0.0000,1.0000
2002-05-08,22.0000,22.6000,22.0000,22.5000,9.6907,75600,0.0000,1.0000
2002-05-07,22.3900,22.3900,21.6600,21.8000,9.3892,119400,0.0000,1.0000
2002-05-06,22.6500,22.6500,21.8400,22.1900,9.5572,23900,0.0000,1.0000
2002-05-03,22.5000,22.9500,22.1100,22.7500,9.7984,81000,0.0000,1.0000
2002-05-02,23.2500,23.3000,22.4000,22.4000,9.6477,88500,0.0000,1.0000
2002-05-01,23.5100,23.5100,23.0000,23.1500,9.9707,68600,0.0000,1.0000
2002-04-30,23.2000,23.8000,23.2000,23.5000,10.1214,28300,0.0000,1.0000
2002-04-29,23.0000,23.3800,22.9100,23.2500,10.0138,41200,0.0000,1.0000
2002-04-26,23.1500,23.2000,23.0200,23.1300,9.9621,66400,0.0000,1.0000
2002-04-25,23.2100,23.6000,23.1000,23.2500,10.0138,109400,0.1859,1.0000
2002-04-24,23.6000,23.7300,23.6000,23.7000,10.1266,46700,0.0000,1.0000
2002-04-23,24.1500,24.1500,23.6500,23.8000,10.1693,160100,0.0000,1.0000
2002-04-22,23.7000,24.0000,23.7000,23.9500,10.2334,34800,0.0000,1.0000
2002-04-19,24.4800,24.7500,23.7000,23.8000,10.1693,88800,0.0000,1.0000
2002-04-18,24.2500,24.3300,23.8000,24.3300,10.3958,144400,0.0000,1.0000
2002-04-17,24.3800,24.5000,24.0500,24.0500,10.2762,40400,0.0000,1.0000
2002-04-16,24.5000,24.6000,24.1000,24.3800,10.4172,28500,0.0000,1.0000
2002-04-15,25.3000,25.5000,24.6000,24.6000,10.5112,222100,0.0000,1.0000
2002-04-12,23.4500,25.0500,23.4500,25.0500,10.7034,93100,0.0000,1.0000
2002-04-11,24.1900,24.1900,23.6000,23.6000,10.0839,54900,0.0000,1.0000
2002-04-10,23.2500,24.1000,23.1900,24.0900,10.2932,41700,0.0000,1.0000
2002-04-09,23.0500,23.2500,23.0000,23.1100,9.8745,24900,0.0000,1.0000
2002-04-08,23.3500,23.3500,22.7500,22.8000,9.7420,26500,0.0000,1.0000
2002-04-05,23.4000,23.6600,23.2500,23.2500,9.9343,85800,0.0000,1.0000
2002-04-04,23.3000,23.5000,23.3000,23.5000,10.0411,176700,0.0000,1.0000
2002-04-03,23.3000,23.3000,23.0600,23.2500,9.9343,148400,0.0000,1.0000
2002-04-02,23.3000,23.6600,23.3000,23.3900,9.9941,103200,0.0000,1.0000
2002-04-01,23.3700,23.3700,22.3600,23.3000,9.9557,44400,0.0000,1.0000
2002-03-28,22.3000,22.7000,22.2300,22.7000,9.6993,27500,0.0000,1.0000
2002-03-27,22.4000,22.4000,22.1600,22.4000,9.5711,29500,0.0000,1.0000
2002-03-26,22.0600,22.4000,22.0600,22.2000,9.4857,26200,0.0000,1.0000
2002-03-25,22.0000,22.5000,21.8900,22.1600,9.4686,47800,0.0000,1.0000
2002-03-22,22.5000,22.5000,21.9900,22.1700,9.4729,48800,0.0000,1.0000
2002-03-21,22.6900,22.6900,22.1700,22.3800,9.5626,33500,0.0000,1.0000
2002-03-20,22.2000,22.3900,22.2000,22.2700,9.5156,44100,0.0000,1.0000
2002-03-19,22.4800,22.5000,22.1000,22.1400,9.4600,68600,0.0000,1.0000
2002-03-18,22.7300,22.9000,22.3800,22.3800,9.5626,52100,0.0000,1.0000
2002-03-15,22.2000,22.7000,21.9100,22.6500,9.6780,61200,0.0000,1.0000
2002-03-14,22.4500,22.4500,22.0800,22.1200,9.4515,38100,0.0000,1.0000
2002-03-13,22.8200,22.8500,22.3500,22.3500,9.5498,44400,0.0000,1.0000
2002-03-12,22.8500,22.8500,22.6000,22.7200,9.7079,57700,0.0000,1.0000
2002-03-11,22.7400,23.0000,22.6500,22.7400,9.7164,53900,0.0000,1.0000
2002-03-08,22.8000,22.9100,22.6500,22.7400,9.7164,67900,0.0000,1.0000
2002-03-07,22.2500,23.0600,22.2500,22.8000,9.7420,127700,0.0000,1.0000
2002-03-06,23.0600,23.0600,22.1200,22.3500,9.5498,54900,0.0000,1.0000
2002-03-05,23.3100,23.4900,23.0500,23.0600,9.8531,29300,0.0000,1.0000
2002-03-04,22.9500,23.3100,22.2000,23.3100,9.9600,111000,0.0000,1.0000
2002-03-01,23.5000,23.5000,22.8000,22.9500,9.8061,82800,0.0000,1.0000
2002-02-28,23.5100,23.7000,23.3000,23.4800,10.0326,123300,0.0000,1.0000
2002-02-27,23.1000,23.7000,23.1000,23.5000,10.0411,172900,0.0000,1.0000
2002-02-26,23.5500,23.5500,22.5000,22.9000,9.7848,177200,0.0000,1.0000
2002-02-25,22.4500,23.7000,22.4500,23.4500,10.0198,105800,0.0000,1.0000
2002-02-22,22.6000,22.6000,22.1500,22.3500,9.5498,136400,0.0000,1.0000
2002-02-21,20.8000,22.6000,20.7500,22.5100,9.6181,179500,0.0000,1.0000
2002-02-20,20.8000,20.8000,20.3300,20.7600,8.8704,83500,0.0000,1.0000
2002-02-19,20.1500,20.4100,19.9000,20.2000,8.6311,118800,0.0000,1.0000
2002-02-15,20.3500,20.3500,19.9000,20.1500,8.6097,105100,0.0000,1.0000
2002-02-14,19.9600,20.1000,19.9000,20.0000,8.5457,68100,0.0000,1.0000
2002-02-13,19.7000,20.0000,19.7000,19.9500,8.5243,4900,0.0000,1.0000
2002-02-12,19.4600,19.7500,19.4600,19.7500,8.4388,32000,0.0000,1.0000
2002-02-11,20.0200,20.0200,19.5000,19.6000,8.3747,38100,0.0000,1.0000
2002-02-08,20.1000,20.5000,19.7100,20.2700,8.6610,71800,0.0000,1.0000
2002-02-07,20.5000,20.5000,20.1000,20.2200,8.6397,63600,0.0000,1.0000
2002-02-06,20.3000,20.3500,20.1500,20.2500,8.6525,59300,0.0000,1.0000
2002-02-05,20.3500,20.5000,20.1000,20.3000,8.6738,70400,0.0000,1.0000
2002-02-04,21.2000,21.3500,20.0000,20.3500,8.6952,89700,0.0000,1.0000
2002-02-01,21.9500,21.9500,21.0000,21.1000,9.0157,71200,0.0000,1.0000
2002-01-31,21.5000,21.9500,21.1700,21.9500,9.3789,86100,0.0000,1.0000
2002-01-30,20.3500,21.5000,20.2500,21.4000,9.1439,58300,0.0000,1.0000
2002-01-29,21.8000,21.8000,20.3300,20.4500,8.7379,37800,0.0000,1.0000
2002-01-28,21.8000,21.8000,21.5000,21.7000,9.2720,29300,0.0000,1.0000
2002-01-25,21.7000,21.8500,21.5500,21.8000,9.3148,86600,0.0000,1.0000
2002-01-24,21.8600,21.8600,21.7700,21.8500,9.3361,113600,0.0000,1.0000
2002-01-23,22.0700,22.0700,21.8000,21.8500,9.3361,266600,0.0000,1.0000
2002-01-22,22.2800,22.3500,21.9700,22.0100,9.4045,67900,0.0000,1.0000
2002-01-18,22.6100,22.7400,22.0100,22.1800,9.4771,67600,0.0000,1.0000
2002-01-17,22.6100,22.8500,22.6100,22.7000,9.6993,38600,0.0000,1.0000
2002-01-16,23.0500,23.0500,22.4000,22.5000,9.6139,92900,0.0000,1.0000
2002-01-15,22.0700,23.1900,22.0700,23.1500,9.8916,103200,0.0000,1.0000
2002-01-14,22.3600,22.3700,21.8000,22.0700,9.4301,163000,0.0000,1.0000
2002-01-11,22.5000,22.5000,22.2600,22.3800,9.5626,85400,0.0000,1.0000
2002-01-10,24.0000,24.0200,21.7500,21.8500,9.3361,209500,0.0000,1.0000
2002-01-09,24.0200,24.3500,24.0000,24.0000,10.2548,79700,0.0000,1.0000
2002-01-08,24.1000,24.5000,23.9300,24.0900,10.2932,180000,0.0000,1.0000
2002-01-07,24.6000,24.6000,24.0500,24.1000,10.2975,90400,0.0000,1.0000
2002-01-04,25.1000,25.1000,23.8000,24.6700,10.5411,216100,0.0000,1.0000
2002-01-03,23.8900,23.8900,22.1500,23.6300,10.0967,138600,0.0000,1.0000
2002-01-02,22.0000,22.6000,21.9900,22.1500,9.4643,57800,0.0000,1.0000
2001-12-31,21.0700,22.0000,21.0700,22.0000,9.4002,19900,0.0000,1.0000
2001-12-28,21.0600,21.2700,21.0600,21.0900,9.0114,29800,0.0000,1.0000
2001-12-27,20.9200,21.2300,20.9200,21.0600,8.9986,62100,0.0000,1.0000
2001-12-26,20.8100,21.1700,20.6500,20.9200,8.9388,52800,0.0000,1.0000
2001-12-24,20.9500,20.9500,20.8000,20.8000,8.8875,2100,0.0000,1.0000
2001-12-21,20.5600,21.0000,20.5600,20.9500,8.9516,38400,0.0000,1.0000
2001-12-20,21.1500,21.2500,20.4600,20.4600,8.7422,49600,0.0000,1.0000
2001-12-19,20.7500,21.8000,20.7500,21.1400,9.0328,137200,0.0000,1.0000
2001-12-18,20.3000,21.2300,20.3000,20.7100,8.8490,82900,0.0000,1.0000
2001-12-17,20.7500,20.9900,20.3000,20.5000,8.7593,120300,0.0000,1.0000
2001-12-14,20.3800,21.0000,20.3800,20.7000,8.8448,269700,0.0000,1.0000
2001-12-13,19.3000,20.6700,19.3000,20.3800,8.7080,274900,0.0000,1.0000
2001-12-12,19.0200,19.7200,18.9000,19.4000,8.2893,227800,0.0000,1.0000
2001-12-11,19.0300,19.1900,18.8500,18.8500,8.0543,121900,0.0000,1.0000
2001-12-10,19.0500,19.4900,18.8200,18.8200,8.0415,187400,0.0000,1.0000
2001-12-07,19.1000,19.1000,18.8000,18.8500,8.0543,110800,0.0000,1.0000
2001-12-06,19.5000,19.5000,18.6000,19.3000,8.2466,127600,0.0000,1.0000
2001-12-05,18.2100,19.4000,18.2100,19.1600,8.1867,227500,0.0000,1.0000
2001-12-04,18.4600,18.7500,18.2500,18.4100,7.8663,231700,0.0000,1.0000
2001-12-03,18.4000,18.4000,17.8700,18.2100,7.7808,105600,0.0000,1.0000
2001-11-30,18.0000,18.6000,18.0000,18.5800,7.9389,104700,0.0000,1.0000
2001-11-29,19.0000,19.0100,17.7500,17.9900,7.6868,407000,0.0000,1.0000
2001-11-28,20.4000,20.4000,18.8500,19.1000,8.1611,361000,0.0000,1.0000
2001-11-27,21.1400,21.1400,19.6000,20.5000,8.7593,152800,0.0000,1.0000
2001-11-26,19.7900,21.1400,19.7900,21.1400,9.0328,215800,0.0000,1.0000
2001-11-23,19.6500,19.6500,19.0000,19.5400,8.3491,71800,0.0000,1.0000
2001-11-21,19.5000,19.5000,18.8100,18.9700,8.1056,139100,0.0000,1.0000
2001-11-20,20.3100,20.3100,19.3500,19.5000,8.3320,110800,0.0000,1.0000
2001-11-19,20.5700,20.7000,19.8500,20.4000,8.7166,129100,0.0000,1.0000
2001-11-16,20.4000,20.5500,20.0000,20.4700,8.7465,121600,0.0000,1.0000
2001-11-15,20.9000,21.0400,20.4000,20.4400,8.7337,104600,0.0000,1.0000
2001-11-14,20.3000,21.1000,19.9000,21.0000,8.9729,246000,0.0000,1.0000
2001-11-13,19.1300,20.0000,19.1300,19.9000,8.5029,110600,0.0000,1.0000
2001-11-12,19.0000,19.4500,18.8400,19.1100,8.1654,111500,0.0000,1.0000
2001-11-09,18.5000,20.0900,18.5000,19.0600,8.1440,72900,0.0000,1.0000
2001-11-08,18.6800,19.5000,18.0200,18.5700,7.9346,148300,0.0000,1.0000
2001-11-07,19.5000,19.5000,17.8000,18.9300,8.0885,403400,0.0000,1.0000
2001-11-06,17.5500,20.2400,17.5500,19.6100,8.3790,703000,0.0000,1.0000
2001-11-05,17.0000,17.5500,16.7500,17.5500,7.4988,165600,0.0000,1.0000
2001-11-02,15.8000,16.1000,15.7800,15.8800,6.7853,22300,0.0000,1.0000
2001-11-01,15.1800,15.9400,15.0000,15.6500,6.6870,138300,0.0000,1.0000
2001-10-31,14.4000,15.5300,14.4000,15.1800,6.4862,163700,0.0000,1.0000
2001-10-30,14.2600,14.2600,13.7500,14.2300,6.0802,56000,0.0000,1.0000
2001-10-29,15.2000,15.2000,14.0600,14.0700,6.0119,32300,0.0000,1.0000
2001-10-26,15.3800,15.6000,15.1100,15.3000,6.5374,55400,0.0000,1.0000
2001-10-25,15.1000,15.4400,14.7000,15.2800,6.5289,113600,0.0000,1.0000
2001-10-24,15.9800,15.9800,15.0500,15.0500,6.4306,87800,0.0000,1.0000
2001-10-23,15.7600,16.1000,15.6600,16.0800,6.8707,74700,0.0000,1.0000
2001-10-22,15.5000,15.6900,15.2500,15.6600,6.6912,151900,0.0000,1.0000
2001-10-19,15.4500,15.5500,15.2300,15.4500,6.6015,109000,0.0000,1.0000
2001-10-18,15.3400,15.6000,15.2900,15.2900,6.5332,49100,0.0000,1.0000
2001-10-17,15.2800,15.8000,15.1900,15.1900,6.4904,74100,0.0000,1.0000
2001-10-16,15.6000,15.7500,15.5200,15.5300,6.6357,302700,0.0000,1.0000
2001-10-15,14.3000,15.2000,14.3000,14.8500,6.3452,55400,0.0000,1.0000
2001-10-12,14.7500,14.7500,14.2500,14.2500,6.0888,17200,0.0000,1.0000
2001-10-11,14.0500,14.9000,14.0500,14.6500,6.2597,24300,0.0000,1.0000
2001-10-10,13.7900,14.2500,13.7500,13.9500,5.9606,112100,0.0000,1.0000
2001-10-09,13.5500,13.5500,13.2000,13.5400,5.7854,58200,0.0000,1.0000
2001-10-08,13.5500,13.5500,13.1000,13.2000,5.6401,23100,0.0000,1.0000
2001-10-05,14.2500,14.2500,13.3000,13.6500,5.8324,73500,0.0000,1.0000
2001-10-04,14.2500,14.2500,13.9700,14.1500,6.0461,139100,0.0000,1.0000
2001-10-03,14.4000,14.4000,13.5500,13.8000,5.8965,301700,0.0000,1.0000
2001-10-02,12.4600,13.4900,12.4100,13.4900,5.7640,187500,0.0000,1.0000
2001-10-01,12.7500,12.7500,12.3500,12.7100,5.4308,184600,0.0000,1.0000
2001-09-28,12.8000,12.8500,12.4000,12.5000,5.3410,362700,0.0000,1.0000
2001-09-27,12.5000,12.9000,12.4500,12.8000,5.4692,213300,0.0000,1.0000
2001-09-26,14.0600,14.0600,13.3000,13.3000,5.6829,68100,0.0000,1.0000
2001-09-25,14.4500,14.4500,14.4500,14.4500,6.1742,64800,0.0000,1.0000
2001-09-24,14.5500,14.5500,14.0500,14.4500,6.1742,250900,0.0000,1.0000
2001-09-21,14.2000,14.2000,12.7500,14.1300,6.0375,189400,0.0000,1.0000
2001-09-20,16.0000,16.0000,14.4000,14.5000,6.1956,51600,0.0000,1.0000
2001-09-19,16.7000,16.7000,16.1000,16.4000,7.0074,60300,0.0000,1.0000
2001-09-18,17.0000,17.0000,16.5000,16.6000,7.0929,23800,0.0000,1.0000
2001-09-17,18.0000,18.0000,16.7000,17.1000,7.3065,71800,0.0000,1.0000
2001-09-10,18.3000,18.4500,18.2000,18.4200,7.8706,30000,0.0000,1.0000
2001-09-07,18.7200,18.7200,18.3000,18.3000,7.8193,24200,0.0000,1.0000
2001-09-06,19.1000,19.1000,18.8000,18.8100,8.0372,122500,0.0000,1.0000
2001-09-05,19.1000,19.2000,19.0000,19.1000,8.1611,93100,0.0000,1.0000
2001-09-04,19.3000,19.3500,18.9000,19.2500,8.2252,80300,0.0000,1.0000
2001-08-31,19.4200,19.4200,19.1500,19.3000,8.2466,94100,0.0000,1.0000
2001-08-30,19.6000,19.6000,19.4500,19.5200,8.3406,103200,0.0000,1.0000
2001-08-29,19.5100,19.8100,19.5000,19.5200,8.3406,15200,0.0000,1.0000
2001-08-28,19.4000,19.7800,19.3300,19.5000,8.3320,90500,0.0000,1.0000
2001-08-27,19.7500,19.7500,19.3300,19.5000,8.3320,22200,0.0000,1.0000
2001-08-24,19.6500,20.0000,19.5000,19.8000,8.4602,34100,0.0000,1.0000
2001-08-23,19.6500,19.6500,19.2500,19.5500,8.3534,122300,0.0000,1.0000
2001-08-22,19.3800,19.8000,19.3100,19.8000,8.4602,168400,0.0000,1.0000
2001-08-21,20.3500,20.3500,19.3700,19.3800,8.2807,156100,0.0000,1.0000
2001-08-20,20.3600,20.3600,20.3600,20.3600,8.6995,26000,0.0000,1.0000
2001-08-17,21.0000,21.0100,20.2000,20.3600,8.6995,85200,0.0000,1.0000
2001-08-16,21.4500,21.4500,21.2300,21.2300,9.0712,2000,0.0000,1.0000
2001-08-15,21.7000,21.7500,21.4500,21.5300,9.1994,83800,0.0000,1.0000
2001-08-14,21.9500,21.9500,21.6500,21.7500,9.2934,34600,0.0000,1.0000
2001-08-13,21.8300,21.8300,21.7500,21.8000,9.3148,34200,0.0000,1.0000
2001-08-10,21.6000,22.0500,21.6000,21.7500,9.2934,68400,0.0000,1.0000
2001-08-09,21.3300,21.9400,21.3300,21.7500,9.2934,118300,0.0000,1.0000
2001-08-08,20.8500,21.5000,20.7500,21.3500,9.1225,80100,0.0000,1.0000
2001-08-07,20.1000,20.9800,20.0500,20.9000,8.9302,28500,0.0000,1.0000
2001-08-06,20.0000,20.2500,19.9500,20.2100,8.6354,25800,0.0000,1.0000
2001-08-03,19.8000,20.2000,19.6800,20.0700,8.5756,49900,0.0000,1.0000
2001-08-02,19.6000,20.1000,19.4000,19.9000,8.5029,28100,0.0000,1.0000
2001-08-01,19.3000,19.3900,19.2000,19.3000,8.2466,63900,0.0000,1.0000
2001-07-31,20.6500,20.6500,19.6600,19.7600,8.4431,25200,0.0000,1.0000
2001-07-30,20.7000,20.7000,20.2000,20.2500,8.6525,54700,0.0000,1.0000
2001-07-27,20.6800,20.9600,20.5500,20.8100,8.8918,46300,0.0000,1.0000
2001-07-26,20.6800,20.9900,20.5800,20.5800,8.7935,46900,0.0000,1.0000
2001-07-25,20.5500,20.9900,20.5000,20.5500,8.7807,66600,0.0000,1.0000
2001-07-24,21.4500,21.4500,20.3000,20.4000,8.7166,93100,0.0000,1.0000
2001-07-23,20.7500,21.7000,20.6500,21.4500,9.1652,201700,0.0000,1.0000
2001-07-20,20.3000,20.6800,20.2500,20.5000,8.7593,74300,0.0000,1.0000
2001-07-19,20.1000,20.1500,19.9000,20.0500,8.5670,43700,0.0000,1.0000
2001-07-18,20.3800,21.1000,19.8900,19.8900,8.4987,184300,0.0000,1.0000
2001-07-17,18.5000,20.7000,18.5000,20.3000,8.6738,106200,0.0000,1.0000
2001-07-16,19.0500,19.0900,18.3000,18.5500,7.9261,138300,0.0000,1.0000
2001-07-13,18.0500,19.7900,18.0500,19.1500,8.1825,125300,0.0000,1.0000
2001-07-12,18.5000,18.5000,17.9000,17.9500,7.6697,533200,0.0000,1.0000
2001-07-11,18.9500,19.0000,18.1500,18.5000,7.9047,186700,0.0000,1.0000
2001-07-10,19.3000,19.4600,18.8100,18.9600,8.1013,124600,0.0000,1.0000
2001-07-09,20.4000,20.4000,18.8000,19.5500,8.3534,188900,0.0000,1.0000
2001-07-06,21.8700,21.8700,20.5800,20.5800,8.7935,51800,0.0000,1.0000
2001-07-05,22.6000,22.8500,21.8000,21.9000,9.3575,86000,0.0000,1.0000
2001-07-03,23.0500,23.3500,22.8000,22.8000,9.7420,12300,0.0000,1.0000
2001-07-02,23.1000,23.2800,22.9500,23.0800,9.8617,15900,0.0000,1.0000
2001-06-29,23.5000,23.5000,22.9100,23.2100,9.9172,184900,0.0000,1.0000
2001-06-28,23.7500,23.7700,23.1100,23.1100,9.8745,133600,0.0000,1.0000
2001-06-27,23.3600,23.7500,23.3600,23.6800,10.1181,41300,0.0000,1.0000
2001-06-26,23.3500,23.7500,23.3500,23.3600,9.9813,76400,0.0000,1.0000
2001-06-25,23.8000,24.2500,23.6100,23.8900,10.2078,70400,0.0000,1.0000
2001-06-22,21.7000,23.9000,21.7000,23.9000,10.2121,288600,0.0000,1.0000
2001-06-21,20.7500,21.7000,20.7500,21.7000,9.2720,350800,0.0000,1.0000
2001-06-20,21.4100,21.4400,21.1500,21.2900,9.0969,200700,0.0000,1.0000
2001-06-19,21.7000,21.7000,21.2000,21.5100,9.1909,141800,0.0000,1.0000
2001-06-18,22.3000,22.3000,21.0000,21.1000,9.0157,210900,0.0000,1.0000
2001-06-15,23.3500,23.4000,22.0800,22.4000,9.5711,141200,0.0000,1.0000
2001-06-14,24.3500,24.4000,22.7500,23.1500,9.8916,141100,0.0000,1.0000
2001-06-13,25.0500,25.3000,24.1000,24.3500,10.4043,152300,0.0000,1.0000
2001-06-12,25.3300,25.3300,24.8000,24.9500,10.6607,172700,0.0000,1.0000
2001-06-11,25.7000,25.7000,25.2500,25.3200,10.8188,86600,0.0000,1.0000
2001-06-08,25.7000,25.7500,25.2000,25.6000,10.9384,87900,0.0000,1.0000
2001-06-07,25.5300,25.6100,25.3000,25.6000,10.9384,76500,0.0000,1.0000
2001-06-06,25.3000,25.4000,25.1500,25.3300,10.8231,164100,0.0000,1.0000
2001-06-05,26.2000,26.2000,25.5000,25.5500,10.9171,214800,0.0000,1.0000
2001-06-04,26.5500,26.6000,26.3100,26.3200,11.2461,97600,0.0000,1.0000
2001-06-01,26.2000,28.1600,26.1000,26.5400,11.3401,128900,0.0000,1.0000
2001-05-31,26.0100,26.2700,25.9400,26.1000,11.1521,86400,0.0000,1.0000
2001-05-30,26.5200,26.6600,25.9100,25.9100,11.0709,165000,0.0000,1.0000
2001-05-29,25.6500,27.0000,25.6500,26.6000,11.3657,151600,0.0000,1.0000
2001-05-25,24.8000,25.7000,24.5000,25.7000,10.9812,168800,0.0000,1.0000
2001-05-24,25.2000,25.2500,24.7600,24.8200,10.6052,270900,0.0000,1.0000
2001-05-23,26.1800,26.1800,25.1000,25.2800,10.8017,354800,0.0000,1.0000
2001-05-22,26.7000,26.9000,26.2800,26.2800,11.2290,48700,0.0000,1.0000
2001-05-21,26.6500,27.0000,26.6500,26.7500,11.4298,63800,0.0000,1.0000
2001-05-18,26.3700,26.7100,26.3700,26.5100,11.3273,59400,0.0000,1.0000
2001-05-17,26.5500,26.6100,26.3200,26.3700,11.2674,120900,0.0000,1.0000
2001-05-16,26.8000,26.9700,25.8100,26.4500,11.3016,209100,0.0000,1.0000
2001-05-15,27.0000,27.1000,26.4500,26.7900,11.4469,144900,0.0000,1.0000
2001-05-14,28.0000,28.0000,27.0500,27.1000,11.5794,334600,0.0000,1.0000
2001-05-11,28.7000,28.7500,27.9000,28.0800,11.9981,298800,0.0000,1.0000
2001-05-10,28.9500,29.1800,28.7000,28.7500,12.2844,111000,0.0000,1.0000
2001-05-09,29.2000,29.2000,28.8000,28.8500,12.3271,113900,0.0000,1.0000
2001-05-08,29.6300,29.9500,29.0200,29.2300,12.4895,178000,0.0000,1.0000
2001-05-07,29.5500,29.8500,29.2300,29.6300,12.6604,105000,0.0000,1.0000
2001-05-04,29.7500,29.7500,29.5700,29.5800,12.6390,59700,0.0000,1.0000
2001-05-03,28.5500,29.9900,28.5000,29.8000,12.7330,206000,0.0000,1.0000
2001-05-02,28.2500,29.0000,28.2500,28.5200,12.1861,393600,0.0000,1.0000
2001-05-01,28.2500,28.4100,28.1600,28.3900,12.1306,40100,0.0000,1.0000
2001-04-30,27.9000,29.1000,27.9000,28.4500,12.1562,144500,0.0000,1.0000
2001-04-27,27.3700,27.8900,27.3700,27.7000,11.8357,449000,0.0000,1.0000
2001-04-26,26.2000,27.2000,26.2000,27.1200,11.5879,401900,0.0000,1.0000
2001-04-25,26.9200,26.9200,26.1900,26.2000,11.1948,187200,0.0000,1.0000
2001-04-24,26.7500,27.1000,26.5500,26.9700,11.5238,239500,0.0000,1.0000
2001-04-23,27.2000,27.2000,26.1200,26.7500,11.4298,308000,0.0000,1.0000
2001-04-20,27.8000,28.2000,26.0500,27.1900,11.6178,950000,0.0000,1.0000
2001-04-19,29.8300,29.9000,28.0000,28.0000,11.9639,109100,0.0000,1.0000
2001-04-18,29.6500,30.0900,29.4000,29.8300,12.7458,171400,0.0000,1.0000
2001-04-17,29.9700,29.9700,29.8500,29.8600,12.7587,143600,0.0000,1.0000
2001-04-16,30.3900,30.3900,29.8000,29.9000,12.7758,129800,0.0000,1.0000
2001-04-12,30.7500,30.7500,30.2400,30.4900,13.0279,34000,0.0000,1.0000
2001-04-11,31.4500,31.6000,30.5400,30.7000,13.1176,146000,0.0000,1.0000
2001-04-10,30.6000,31.2000,30.4000,31.2000,13.3312,99600,0.0000,1.0000
2001-04-09,30.4000,30.7500,30.3000,30.4000,12.9894,57100,0.0000,1.0000
2001-04-06,31.0000,31.0000,29.9500,30.0000,12.8185,144600,0.0000,1.0000
2001-04-05,30.1000,31.1500,30.1000,30.9200,13.2116,122600,0.0000,1.0000
2001-04-04,30.3200,30.8000,30.3000,30.3000,12.9467,60600,0.0000,1.0000
2001-04-03,31.1500,31.1500,30.2000,30.4200,12.9979,140500,0.0000,1.0000
2001-04-02,31.2500,31.3500,30.9000,31.0100,13.2500,105200,0.0000,1.0000
2001-03-30,30.5400,31.1000,30.2500,31.1000,13.2885,139600,0.0000,1.0000
2001-03-29,30.3000,31.1500,30.2500,30.4400,13.0065,263400,0.0000,1.0000
2001-03-28,30.6000,30.6000,30.2100,30.3000,12.9467,169000,0.0000,1.0000
2001-03-27,30.7500,30.8500,30.5000,30.7000,13.1176,194500,0.0000,1.0000
2001-03-26,28.9000,30.5000,28.9000,30.5000,13.0321,220800,0.0000,1.0000
2001-03-23,28.8200,28.9500,27.9000,28.1000,12.0066,307700,0.0000,1.0000
2001-03-22,30.7500,30.7500,28.7500,28.8200,12.3143,622500,0.0000,1.0000
2001-03-21,31.5000,31.6000,30.5500,30.9500,13.2244,129800,0.0000,1.0000
2001-03-20,31.4000,31.8000,31.2000,31.5500,13.4808,181300,0.0000,1.0000
2001-03-19,32.4000,32.4000,31.5000,31.5000,13.4594,169700,0.0000,1.0000
2001-03-16,33.1000,33.1000,32.4900,32.5000,13.8867,227000,0.0000,1.0000
2001-03-15,32.8500,33.2400,32.7000,33.1500,14.1644,190500,0.0000,1.0000
2001-03-14,32.5000,32.9000,32.2900,32.8500,14.0362,191700,0.0000,1.0000
2001-03-13,32.7500,32.9000,32.6000,32.8500,14.0362,60900,0.0000,1.0000
2001-03-12,32.2300,32.6500,32.2000,32.6500,13.9508,96600,0.0000,1.0000
2001-03-09,32.7000,32.7500,32.5800,32.7300,13.9850,92400,0.0000,1.0000
2001-03-08,33.4500,33.4600,32.7500,32.8500,14.0362,340400,0.0000,1.0000
2001-03-07,33.7000,33.8000,33.3600,33.3800,14.2627,135800,0.0000,1.0000
2001-03-06,33.3200,33.8500,33.3200,33.6500,14.3781,82700,0.0000,1.0000
2001-03-05,33.5000,33.5000,33.2600,33.2700,14.2157,86400,0.0000,1.0000
2001-03-02,33.3500,33.7200,33.2000,33.5000,14.3140,175200,0.0000,1.0000
2001-03-01,33.6000,33.6000,33.3000,33.4500,14.2926,96100,0.0000,1.0000
2001-02-28,33.7700,33.7700,33.2400,33.6000,14.3567,142700,0.0000,1.0000
2001-02-27,33.8000,33.8000,33.7600,33.7600,14.4251,21200,0.0000,1.0000
2001-02-26,33.8500,33.8500,33.6800,33.6800,14.3909,74500,0.0000,1.0000
2001-02-23,33.9500,34.1000,33.5000,33.9100,14.4892,164000,0.0000,1.0000
2001-02-22,33.3500,33.9700,33.3500,33.9500,14.5063,75100,0.0000,1.0000
2001-02-21,33.5000,33.5500,33.3000,33.3000,14.2285,80200,0.0000,1.0000
2001-02-20,33.1000,33.6800,33.1000,33.5200,14.3225,177000,0.0000,1.0000
2001-02-16,34.3000,34.3000,33.4000,33.6300,14.3695,181000,0.0000,1.0000
2001-02-15,34.7000,34.7400,34.3000,34.3400,14.6729,108500,0.0000,1.0000
2001-02-14,35.0000,35.0000,34.5500,34.6000,14.7840,104200,0.0000,1.0000
2001-02-13,35.2500,35.2500,34.8800,34.9500,14.9335,86000,0.0000,1.0000
2001-02-12,35.4800,35.5500,35.0500,35.3400,15.1002,58400,0.0000,1.0000
2001-02-09,35.6400,35.6400,35.3500,35.4000,15.1258,78600,0.0000,1.0000
2001-02-08,35.7000,35.8000,35.6000,35.6400,15.2284,87500,0.0000,1.0000
2001-02-07,35.7000,35.7000,35.5000,35.5000,15.1685,174800,0.0000,1.0000
2001-02-06,35.5500,35.6000,35.4500,35.6000,15.2113,143000,0.0000,1.0000
2001-02-05,35.7200,35.7200,35.4500,35.6500,15.2326,25800,0.0000,1.0000
2001-02-02,36.8500,36.8500,35.9000,35.9700,15.3694,181500,0.0000,1.0000
2001-02-01,35.6500,37.2500,35.6200,37.1500,15.8736,185500,0.0000,1.0000
2001-01-31,34.8500,35.7000,34.8500,35.7000,15.2540,137800,0.0000,1.0000
2001-01-30,35.3500,35.3500,34.5500,34.6500,14.8054,1333600,0.0000,1.0000
2001-01-29,36.0700,36.0700,35.1000,35.2500,15.0617,163800,0.0000,1.0000
2001-01-26,35.6300,36.1900,34.8800,36.0600,15.4078,283100,0.0000,1.0000
2001-01-25,36.2500,36.3800,35.0000,35.3800,15.1173,231300,0.0000,1.0000
2001-01-24,37.2500,37.2500,36.5000,36.5000,15.5958,90200,0.0000,1.0000
2001-01-23,38.5000,38.5000,36.4400,37.0000,15.8095,243700,0.0000,1.0000
2001-01-22,38.9400,38.9400,38.0000,38.4400,16.4248,91300,0.0000,1.0000
2001-01-19,38.8100,39.1900,38.8100,38.8800,16.6128,188500,0.0000,1.0000
2001-01-18,37.5600,38.6300,37.5600,38.6300,16.5059,87400,0.0000,1.0000
2001-01-17,37.0000,37.6300,37.0000,37.5600,16.0487,52500,0.0000,1.0000
2001-01-16,37.7500,37.7500,36.9200,36.9400,15.7838,88800,0.0000,1.0000
2001-01-12,37.5000,38.0000,37.3100,37.7500,16.1299,81500,0.0000,1.0000
2001-01-11,36.8800,37.5600,36.7500,37.5000,16.0231,51100,0.0000,1.0000
2001-01-10,36.7500,37.1300,36.7500,37.0000,15.8095,88900,0.0000,1.0000
2001-01-09,36.5000,37.0000,36.5000,36.7500,15.7026,34300,0.0000,1.0000
2001-01-08,36.5600,36.6300,36.2500,36.3100,15.5146,39400,0.0000,1.0000
2001-01-05,37.3800,37.5600,36.6300,36.6900,15.6770,86300,0.0000,1.0000
2001-01-04,37.2500,37.4400,37.0000,37.1900,15.8906,95800,0.0000,1.0000
2001-01-03,36.1300,37.1300,35.8800,37.0000,15.8095,133600,0.0000,1.0000
2001-01-02,36.6300,36.8800,36.1300,36.3800,15.5446,47700,0.0000,1.0000
2000-12-29,36.3100,36.9400,36.3100,36.5000,15.5958,9900,0.0000,1.0000
2000-12-28,36.1300,36.7500,35.8100,36.0600,15.4078,21200,0.0000,1.0000
2000-12-27,36.4400,37.0000,36.2500,36.2500,15.4890,34400,0.2851,1.0000
2000-12-26,36.6900,37.0000,36.0000,36.5000,15.4741,30200,0.0000,1.0000
2000-12-22,36.3800,36.6300,36.3800,36.4400,15.4487,15800,0.0000,1.0000
2000-12-21,36.0000,36.6300,35.9400,36.6300,15.5292,115700,0.0000,1.0000
2000-12-20,36.7500,36.7500,36.0000,36.2500,15.3681,27300,0.0000,1.0000
2000-12-19,36.9400,37.1900,36.6300,37.0000,15.6861,88100,0.0000,1.0000
2000-12-18,37.0600,37.3800,37.0600,37.1900,15.7666,77400,0.0000,1.0000
2000-12-15,36.8800,37.4400,36.8800,37.0600,15.7115,116600,0.0000,1.0000
2000-12-14,37.0600,37.0600,36.5000,37.0000,15.6861,236200,0.0000,1.0000
2000-12-13,36.4400,37.2500,36.4400,37.1900,15.7666,99600,0.0000,1.0000
2000-12-12,36.5600,36.9400,36.4400,36.5000,15.4741,30400,0.0000,1.0000
2000-12-11,36.7500,37.1300,36.0600,36.8100,15.6055,57500,0.0000,1.0000
2000-12-08,36.0000,36.5000,36.0000,36.5000,15.4741,133800,0.0000,1.0000
2000-12-07,34.3100,35.8800,34.3100,35.8800,15.2113,107000,0.1875,1.0000
2000-12-06,35.3800,35.3800,34.7500,34.7500,14.6556,71900,0.0000,1.0000
2000-12-05,34.8800,35.6300,34.8800,35.4400,14.9466,102200,0.0000,1.0000
2000-12-04,34.7500,34.8800,34.5000,34.6300,14.6050,50900,0.0000,1.0000
2000-12-01,33.4400,35.0000,33.4400,35.0000,14.7611,234200,0.0000,1.0000
2000-11-30,33.2500,33.8800,33.2500,33.6900,14.2086,131800,0.0000,1.0000
2000-11-29,34.0000,34.1300,33.9400,33.9400,14.3140,73100,0.0000,1.0000
2000-11-28,34.1900,34.4400,33.8800,33.8800,14.2887,73400,0.0000,1.0000
2000-11-27,35.0000,35.2500,34.0000,34.3100,14.4701,59900,0.0000,1.0000
2000-11-24,35.0000,35.2500,34.5000,34.5600,14.5755,46800,0.0000,1.0000
2000-11-22,32.8800,34.2500,32.8800,34.2500,14.4448,136400,0.0000,1.0000
2000-11-21,32.5600,33.2500,32.5600,33.0000,13.9176,47600,0.0000,1.0000
2000-11-20,33.0000,33.2500,32.5000,32.6300,13.7615,66900,0.0000,1.0000
2000-11-17,33.0000,33.1900,32.0000,33.1900,13.9977,60500,0.0000,1.0000
2000-11-16,32.7500,33.1300,32.7500,33.0000,13.9176,454700,0.0000,1.0000
2000-11-15,33.4400,33.4400,32.2500,32.5000,13.7067,23700,0.0000,1.0000
2000-11-14,33.1300,33.1900,32.5000,33.1900,13.9977,152600,0.0000,1.0000
2000-11-13,33.3100,33.3100,32.0000,32.8800,13.8670,160800,0.0000,1.0000
2000-11-10,33.8800,34.1900,33.3100,33.5600,14.1538,167600,0.0000,1.0000
2000-11-09,34.9400,34.9400,34.0600,34.1300,14.3941,65800,0.0000,1.0000
2000-11-08,34.5000,35.3800,34.5000,34.8100,14.6809,49300,0.4627,1.0000
2000-11-07,35.6900,35.7500,35.6900,35.7500,14.8796,5700,0.0000,1.0000
2000-11-06,35.9400,36.1900,35.6900,35.7500,14.8796,1259200,0.0000,1.0000
2000-11-03,37.2500,37.2500,35.5000,35.9400,14.9587,56800,0.0000,1.0000
2000-11-02,35.8800,36.5600,35.7500,36.2500,15.0877,38700,0.0000,1.0000
2000-11-01,35.6300,35.7500,35.3100,35.7500,14.8796,48500,0.0000,1.0000
2000-10-31,35.3100,35.8100,35.3100,35.6300,14.8296,299800,0.0000,1.0000
2000-10-30,34.2500,35.0600,34.0000,35.0600,14.5924,147800,0.0000,1.0000
2000-10-27,33.9400,34.1300,33.9400,34.0000,14.1512,24800,0.0000,1.0000
2000-10-26,33.8100,33.8800,33.1900,33.8100,14.0721,413400,0.0000,1.0000
2000-10-25,34.3800,34.3800,33.2500,33.3100,13.8640,287600,0.0000,1.0000
2000-10-24,35.3100,35.7500,34.6300,34.6300,14.4134,152800,0.0000,1.0000
2000-10-23,36.9400,36.9400,35.7500,35.8100,14.9046,68300,0.0000,1.0000
2000-10-20,37.3800,37.3800,36.5000,36.6900,15.2708,85800,0.0000,1.0000
2000-10-19,36.6300,37.4400,36.5600,37.3800,15.5580,97900,0.0000,1.0000
2000-10-18,36.0000,37.2500,36.0000,36.5000,15.1917,244300,0.0000,1.0000
2000-10-17,37.0000,37.2500,35.8800,36.2500,15.0877,90900,0.0000,1.0000
2000-10-16,36.4400,37.0000,36.4400,36.8800,15.3499,17200,0.0000,1.0000
2000-10-13,35.4400,36.6300,35.3800,36.3800,15.1418,75300,0.0000,1.0000
2000-10-12,36.4400,36.7500,35.2500,35.6900,14.8546,25800,0.0000,1.0000
2000-10-11,37.2500,37.2500,36.2500,36.4400,15.1668,23900,0.0000,1.0000
2000-10-10,37.2500,37.8100,37.0000,37.0000,15.3999,72000,0.0000,1.0000
2000-10-09,36.2500,37.2500,35.2500,37.2500,15.5039,121900,0.0000,1.0000
2000-10-06,38.0000,38.0000,36.7500,36.8800,15.3499,136700,0.0000,1.0000
2000-10-05,38.6300,38.8100,37.8100,38.0000,15.8161,147100,0.0000,1.0000
2000-10-04,38.8100,39.5000,38.3100,38.9400,16.2073,229100,0.0000,1.0000
2000-10-03,38.5000,40.0000,38.5000,39.0000,16.2323,101800,0.0000,1.0000
2000-10-02,37.1900,38.2500,37.0000,38.2500,15.9201,94400,0.0000,1.0000
2000-09-29,37.3800,37.6900,37.1300,37.1900,15.4789,207200,0.0000,1.0000
2000-09-28,37.5000,37.7500,37.3800,37.5000,15.6080,36200,0.0000,1.0000
2000-09-27,37.5000,37.8800,37.5000,37.8800,15.7661,88000,0.0000,1.0000
2000-09-26,37.3100,37.6900,37.3100,37.3800,15.5580,66400,0.0000,1.0000
2000-09-25,36.0000,37.2500,36.0000,37.1900,15.4789,285400,0.0000,1.0000
2000-09-22,35.6300,36.3100,35.5000,35.9400,14.9587,80600,0.0000,1.0000
2000-09-21,36.1300,36.3800,36.0000,36.0600,15.0086,107000,0.0000,1.0000
2000-09-20,36.9400,36.9400,36.0600,36.3800,15.1418,73800,0.0000,1.0000
2000-09-19,36.8100,37.0000,36.5600,36.6900,15.2708,77700,0.0000,1.0000
2000-09-18,38.0000,38.1300,36.8800,36.9400,15.3749,93600,0.0000,1.0000
2000-09-15,37.8800,38.5000,37.8800,38.1900,15.8951,29000,0.0000,1.0000
2000-09-14,37.8800,38.1300,37.7500,38.0600,15.8410,16800,0.0000,1.0000
2000-09-13,38.1300,38.5000,37.8800,37.8800,15.7661,105900,0.0000,1.0000
2000-09-12,38.6300,38.7500,38.1900,38.2500,15.9201,91000,0.0000,1.0000
2000-09-11,39.0000,39.0600,38.8800,38.8800,16.1823,103900,0.0000,1.0000
2000-09-08,39.1900,39.7500,38.6300,39.0600,16.2573,106800,0.0000,1.0000
2000-09-07,38.8100,39.6300,38.6300,39.3100,16.3613,22600,0.0000,1.0000
2000-09-06,37.8800,39.0000,37.7500,38.8100,16.1532,116200,0.0000,1.0000
2000-09-05,37.8800,38.0600,37.4400,37.6300,15.6621,31100,0.0000,1.0000
2000-09-01,37.6900,38.3800,37.2500,37.6900,15.6870,400700,0.0000,1.0000
2000-08-31,37.3800,37.4400,37.2500,37.3100,15.5289,53400,0.0000,1.0000
2000-08-30,37.3100,37.5000,37.0000,37.3800,15.5580,92800,0.0000,1.0000
2000-08-29,37.3800,38.0000,37.0600,37.0600,15.4248,144800,0.0000,1.0000
2000-08-28,37.0000,37.9400,37.0000,37.1300,15.4540,214700,0.0000,1.0000
2000-08-25,34.5000,36.8100,34.5000,36.8100,15.3208,637100,0.0000,1.0000
2000-08-24,34.6300,34.6900,33.5000,34.5000,14.3593,339600,0.0000,1.0000
2000-08-23,35.5000,35.5000,34.7500,34.8800,14.5175,108100,0.0000,1.0000
2000-08-22,35.6900,35.7500,34.7500,35.7500,14.8796,103900,0.0000,1.0000
2000-08-21,35.5000,35.7500,35.5000,35.6300,14.8296,100200,0.0000,1.0000
2000-08-18,35.3100,35.5000,35.1300,35.3800,14.7256,248800,0.0000,1.0000
2000-08-17,34.6300,35.5000,34.6300,35.0600,14.5924,207400,0.0000,1.0000
2000-08-16,36.7500,37.3800,35.6300,35.6300,14.8296,215200,0.0000,1.0000
2000-08-15,34.7500,36.6900,34.7500,36.5600,15.2167,182300,0.0000,1.0000
2000-08-14,33.8100,36.5000,33.8100,35.0000,14.5674,84600,0.0000,1.0000
2000-08-11,32.8800,33.6300,32.8800,33.5600,13.9681,85100,0.0000,1.0000
2000-08-10,32.6900,32.9400,32.3800,32.6300,13.5810,35400,0.0000,1.0000
2000-08-09,32.7500,33.0000,32.5000,32.9400,13.7100,60300,0.0000,1.0000
2000-08-08,32.8100,32.8100,32.3100,32.3800,13.4770,102600,0.0000,1.0000
2000-08-07,32.8800,33.1300,32.7500,32.8100,13.6559,165000,0.0000,1.0000
2000-08-04,33.0000,33.0000,32.8800,32.8800,13.6851,90600,0.0000,1.0000
2000-08-03,32.8100,33.0000,32.7500,32.8800,13.6851,76100,0.0000,1.0000
2000-08-02,32.0600,33.0000,32.0600,33.0000,13.7350,109400,0.0000,1.0000
2000-08-01,31.5600,32.0000,31.5000,31.9400,13.2938,307200,0.0000,1.0000
2000-07-31,32.0000,32.0000,31.3800,31.5600,13.1357,136000,0.0000,1.0000
2000-07-28,33.6300,33.7500,30.7500,32.3100,13.4478,155000,0.0000,1.0000
2000-07-27,34.3100,34.3100,33.6300,33.7500,14.0472,63900,0.0000,1.0000
2000-07-26,34.2500,35.3100,34.0000,34.3100,14.2802,76100,0.0000,1.0000
2000-07-25,33.5600,34.5000,33.5600,34.5000,14.3593,27400,0.0000,1.0000
2000-07-24,33.5600,33.9400,33.5000,33.6300,13.9972,20500,0.0000,1.0000
2000-07-21,33.9400,34.0000,33.5000,33.5600,13.9681,31600,0.0000,1.0000
2000-07-20,33.6300,33.9400,33.5600,33.9400,14.1262,63500,0.0000,1.0000
2000-07-19,34.8100,34.8800,33.5600,33.5600,13.9681,77600,0.0000,1.0000
2000-07-18,35.3800,35.3800,34.9400,35.0600,14.5924,104200,0.0000,1.0000
2000-07-17,34.0000,35.0000,34.0000,34.8800,14.5175,37200,0.0000,1.0000
2000-07-14,34.0000,34.7500,34.0000,34.0000,14.1512,41300,0.0000,1.0000
2000-07-13,35.8800,36.1300,33.8800,33.9400,14.1262,103200,0.0000,1.0000
2000-07-12,34.9400,36.5000,34.9400,36.0000,14.9836,36300,0.0000,1.0000
2000-07-11,35.4400,35.4400,34.8800,34.8800,14.5175,70800,0.0000,1.0000
2000-07-10,34.8800,35.5000,34.7500,35.3800,14.7256,20700,0.0000,1.0000
2000-07-07,34.2500,35.9400,34.2500,34.7500,14.4634,65600,0.0000,1.0000
2000-07-06,33.0000,34.0000,33.0000,34.0000,14.1512,104900,0.0000,1.0000
2000-07-05,31.6300,32.7500,31.6300,32.7500,13.6310,67500,0.0000,1.0000
2000-07-03,32.0000,32.8800,31.8800,32.0000,13.3188,79400,0.0000,1.0000
2000-06-30,32.3800,32.4400,31.2500,32.1300,13.3729,36300,0.0000,1.0000
2000-06-29,32.6900,32.9400,32.6300,32.6900,13.6060,32000,0.0000,1.0000
2000-06-28,33.5000,33.7500,32.7500,32.8800,13.6851,47100,0.0000,1.0000
2000-06-27,33.5000,33.8800,32.5000,33.0000,13.7350,107700,0.0000,1.0000
2000-06-26,33.0000,33.5000,33.0000,33.1300,13.7891,41300,0.0000,1.0000
2000-06-23,33.5000,33.5000,33.0000,33.0000,13.7350,150500,0.0000,1.0000
2000-06-22,31.7500,33.2500,31.7500,33.0000,13.7350,46100,0.0000,1.0000
2000-06-21,30.7500,32.0000,30.7500,31.7500,13.2147,95200,0.0000,1.0000
2000-06-20,30.2500,31.1300,30.2500,30.6900,12.7736,78100,0.0000,1.0000
2000-06-19,31.5000,31.5000,30.0000,30.0600,12.5113,125800,0.0000,1.0000
2000-06-16,31.7500,31.8100,31.5600,31.5600,13.1357,10600,0.0000,1.0000
2000-06-15,32.7500,32.7500,32.0000,32.0000,13.3188,58700,0.0000,1.0000
2000-06-14,33.0000,33.0000,32.7500,32.8800,13.6851,137100,0.0000,1.0000
2000-06-13,32.8100,33.2500,32.8100,33.2500,13.8391,156300,0.0000,1.0000
2000-06-12,33.1900,33.3100,33.1900,33.3100,13.8640,25800,0.0000,1.0000
2000-06-09,33.3100,33.5000,33.2500,33.3100,13.8640,164400,0.0000,1.0000
2000-06-08,33.0000,33.3100,33.0000,33.3100,13.8640,86500,0.0000,1.0000
2000-06-07,32.3800,33.1900,32.2500,33.0600,13.7600,177200,0.0000,1.0000
2000-06-06,33.1300,33.3800,32.5000,32.5000,13.5269,113200,0.0000,1.0000
2000-06-05,33.2500,33.2500,32.7500,33.0000,13.7350,89500,0.0000,1.0000
2000-06-02,31.2500,33.6300,31.2500,33.5000,13.9431,86800,0.0000,1.0000
2000-06-01,30.1300,31.0000,30.1300,31.0000,12.9026,21600,0.0000,1.0000
2000-05-31,29.6300,30.2500,29.6300,30.0000,12.4864,39500,0.0000,1.0000
2000-05-30,28.5600,29.3800,28.5600,29.3800,12.2283,15400,0.0000,1.0000
2000-05-26,27.8800,28.5600,27.2500,28.5600,11.8870,109800,0.0000,1.0000
2000-05-25,27.7500,28.0000,27.6300,27.8800,11.6040,59600,0.0000,1.0000
2000-05-24,28.3800,28.3800,27.3100,27.6300,11.4999,39800,0.0000,1.0000
2000-05-23,28.6900,28.8100,28.1900,28.3800,11.8121,35300,0.0000,1.0000
2000-05-22,30.0000,30.0000,28.1300,28.8100,11.9911,121500,0.0000,1.0000
2000-05-19,30.0600,30.4400,29.8600,30.1300,12.5405,113700,0.0000,1.0000
2000-05-18,31.0000,31.0000,30.0600,30.0600,12.5113,51300,0.0000,1.0000
2000-05-17,30.6300,31.2500,30.1300,31.2500,13.0066,64500,0.0000,1.0000
2000-05-16,30.0000,30.2500,29.8800,30.1900,12.5654,59300,0.0000,1.0000
2000-05-15,30.0000,30.1300,29.7500,30.0600,12.5113,14800,0.0000,1.0000
2000-05-12,30.5000,30.5000,30.0000,30.1300,12.5405,119000,0.0000,1.0000
2000-05-11,30.3800,30.5600,30.2500,30.3800,12.6445,114900,0.0000,1.0000
2000-05-10,30.0000,30.2500,28.7500,30.2500,12.5904,71400,0.0000,1.0000
2000-05-09,29.6300,31.2500,29.5600,29.8800,12.4364,165300,0.0000,1.0000
2000-05-08,29.7500,29.7500,29.5600,29.6300,12.3324,4900,0.0000,1.0000
2000-05-05,29.7500,30.0000,29.3800,29.9400,12.4614,58300,0.0000,1.0000
2000-05-04,29.5600,30.2500,29.0000,29.6300,12.3324,87600,0.0000,1.0000
2000-05-03,29.3800,29.3800,28.8100,29.0600,12.0951,23300,0.0000,1.0000
2000-05-02,29.1900,29.6300,29.0000,29.3800,12.2283,85000,0.0000,1.0000
2000-05-01,28.5000,29.0000,28.5000,28.9400,12.0452,28300,0.0000,1.0000
2000-04-28,29.0600,29.1900,28.3800,28.5000,11.8621,71800,0.0000,1.0000
2000-04-27,29.2500,29.2500,28.8800,28.8800,12.0202,164100,0.0000,1.0000
2000-04-26,29.4400,29.6300,29.0600,29.5000,12.2783,129500,0.0000,1.0000
2000-04-25,28.6900,29.6300,28.4400,29.4400,12.2533,205100,0.0000,1.0000
2000-04-24,28.8800,29.0600,28.8800,28.9400,12.0452,12100,0.0000,1.0000
2000-04-20,29.3100,29.4400,28.5000,29.1300,12.1243,58300,0.0000,1.0000
2000-04-19,30.3800,30.3800,29.0000,29.0600,12.0951,52500,0.1040,1.0000
2000-04-18,30.8800,31.3800,30.0000,30.3800,12.5994,350600,0.0000,1.0000
2000-04-17,33.3800,33.5600,30.0000,30.6300,12.7031,109600,0.0000,1.0000
2000-04-14,34.2500,34.2500,33.0000,33.1900,13.7648,29400,0.0000,1.0000
2000-04-13,35.2500,35.2500,34.0600,34.5000,14.3081,79500,0.0000,1.0000
2000-04-12,35.3800,35.5000,34.5000,35.0000,14.5155,28600,0.0000,1.0000
2000-04-11,36.5000,36.5000,35.2500,35.3800,14.6731,16800,0.0000,1.0000
2000-04-10,37.1300,37.1300,35.8100,35.8100,14.8514,69500,0.0000,1.0000
2000-04-07,37.5600,37.5600,36.6300,36.8800,15.2952,27700,0.0000,1.0000
2000-04-06,35.3800,38.0600,35.3800,37.5000,15.5523,77600,0.0000,1.0000
2000-04-05,34.6900,35.2500,34.6300,35.2500,14.6192,26700,0.0000,1.0000
2000-04-04,34.8800,35.0600,34.5600,34.7500,14.4118,67000,0.0000,1.0000
2000-04-03,36.0000,36.0000,34.7500,34.8100,14.4367,24300,0.0000,1.0000
2000-03-31,36.2500,36.2500,35.7500,35.7500,14.8265,92600,0.0000,1.0000
2000-03-30,35.7500,36.3100,35.0000,36.0000,14.9302,159600,0.0000,1.0000
2000-03-29,35.3800,36.0000,34.5100,36.0000,14.9302,92400,0.0000,1.0000
2000-03-28,36.5000,36.5000,35.2500,35.2500,14.6192,10600,0.0000,1.0000
2000-03-27,36.2500,36.2500,36.0000,36.2500,15.0339,69500,0.0000,1.0000
2000-03-24,36.3800,36.3800,35.5000,36.0000,14.9302,52800,0.0000,1.0000
2000-03-23,36.5000,37.0000,36.2500,36.3800,15.0878,137600,0.0000,1.0000
2000-03-22,35.1300,36.6900,35.0000,36.6900,15.2164,87200,0.0000,1.0000
2000-03-21,35.0000,35.1300,34.6300,34.8800,14.4657,57700,0.0000,1.0000
2000-03-20,35.2500,36.0000,35.2500,35.2500,14.6192,71500,0.0000,1.0000
2000-03-17,34.5000,35.2500,34.5000,35.2500,14.6192,55500,0.0000,1.0000
2000-03-16,34.8100,35.1900,34.4400,34.5600,14.3330,38600,0.0000,1.0000
2000-03-15,35.0000,35.0000,34.2500,34.6900,14.3869,37000,0.0000,1.0000
2000-03-14,35.6900,36.3800,35.1300,35.1300,14.5694,23700,0.0000,1.0000
2000-03-13,36.0000,36.0000,35.3800,35.4400,14.6980,54300,0.0000,1.0000
2000-03-10,36.7500,37.0000,36.0000,36.2500,15.0339,76900,0.0000,1.0000
2000-03-09,36.0000,36.5000,35.8800,36.5000,15.1376,39600,0.0000,1.0000
2000-03-08,34.5600,35.8100,34.5600,35.8100,14.8514,60300,0.0000,1.0000
2000-03-07,35.5000,35.6300,34.5000,34.5000,14.3081,72300,0.0000,1.0000
2000-03-06,35.7500,35.7500,35.2500,35.2500,14.6192,39800,0.0000,1.0000
2000-03-03,34.2500,35.8100,34.2500,35.6900,14.8016,124800,0.0000,1.0000
2000-03-02,34.3800,34.5000,34.1300,34.2500,14.2044,138800,0.0000,1.0000
2000-03-01,33.7500,34.3800,33.3800,34.3800,14.2584,85900,0.0000,1.0000
2000-02-29,33.9400,34.3400,33.6900,33.7500,13.9971,141000,0.0000,1.0000
2000-02-28,33.0000,34.0000,33.0000,33.9400,14.0759,47900,0.0000,1.0000
2000-02-25,32.6900,33.1300,32.6900,33.0000,13.6860,94800,0.0000,1.0000
2000-02-24,34.2500,34.2500,32.8800,32.9400,13.6611,245400,0.0000,1.0000
2000-02-23,32.3100,33.7500,32.3100,33.7500,13.9971,89100,0.0000,1.0000
2000-02-22,32.5600,32.7500,31.6300,32.3100,13.3999,184400,0.0000,1.0000
2000-02-18,32.1300,32.8800,32.0000,32.5600,13.5035,188300,0.0000,1.0000
2000-02-17,31.6300,32.2500,31.6300,32.0000,13.2713,260100,0.0000,1.0000
2000-02-16,30.3800,31.6300,30.3800,31.3100,12.9851,267700,0.0000,1.0000
2000-02-15,33.1300,33.1300,30.3800,30.3800,12.5994,177000,0.0000,1.0000
2000-02-14,33.2500,34.9400,32.6900,33.0000,13.6860,102500,0.0000,1.0000
2000-02-11,32.7500,33.3800,32.7500,33.2500,13.7897,133700,0.0000,1.0000
2000-02-10,33.1300,33.2500,32.7500,33.0000,13.6860,37400,0.0000,1.0000
2000-02-09,32.4400,33.0000,32.3800,33.0000,13.6860,82600,0.0000,1.0000
2000-02-08,32.0000,32.7500,32.0000,32.3100,13.3999,137700,0.0000,1.0000
2000-02-07,32.0000,32.6300,32.0000,32.0000,13.2713,110300,0.0000,1.0000
2000-02-04,32.2500,32.7500,32.2500,32.4400,13.4538,76100,0.0000,1.0000
2000-02-03,33.2500,33.5000,32.0000,32.0600,13.2962,302900,0.0000,1.0000
2000-02-02,32.7500,33.0000,32.2500,33.0000,13.6860,22800,0.0000,1.0000
2000-02-01,33.1300,33.1300,32.3800,33.0000,13.6860,84600,0.0000,1.0000
2000-01-31,33.8800,33.8800,31.6300,33.0000,13.6860,86200,0.0000,1.0000
2000-01-28,34.5000,34.5000,33.7500,34.1300,14.1547,59500,0.0000,1.0000
2000-01-27,34.8800,34.8800,34.8800,34.8800,14.4657,14600,0.0000,1.0000
2000-01-26,34.3100,35.0000,34.3100,34.5000,14.3081,160900,0.0000,1.0000
2000-01-25,34.7500,34.8100,34.1300,34.5600,14.3330,77200,0.0000,1.0000
2000-01-24,34.5000,35.0000,34.2100,34.6300,14.3620,125600,0.0000,1.0000
2000-01-21,36.2500,36.2500,34.5000,34.7500,14.4118,74400,0.0000,1.0000
2000-01-20,36.1300,36.3100,35.8800,36.3100,15.0588,29000,0.0000,1.0000
2000-01-19,36.9400,37.0000,36.1300,36.3800,15.0878,29600,0.0000,1.0000
2000-01-18,34.3800,37.2500,34.1900,37.0600,15.3698,126900,0.0000,1.0000
2000-01-14,34.5000,35.2500,34.3800,34.6900,14.3869,140800,0.0000,1.0000
2000-01-13,34.0000,34.6300,33.9400,34.6300,14.3620,42700,0.0000,1.0000
2000-01-12,34.6300,34.6300,33.5000,33.9400,14.0759,80700,0.0000,1.0000
2000-01-11,35.4400,35.4400,34.7500,34.7500,14.4118,206500,0.0000,1.0000
2000-01-10,34.3800,35.4400,34.3800,35.1900,14.5943,123500,0.0000,1.0000
2000-01-07,34.0000,34.2500,33.8800,34.1300,14.1547,129000,0.0000,1.0000
2000-01-06,32.8800,33.5000,32.7500,32.8800,13.6363,170300,0.0000,1.0000
2000-01-05,31.7500,32.5000,31.7500,32.1300,13.3252,72200,0.0000,1.0000
2000-01-04,33.2500,33.3800,31.7500,31.8800,13.2215,225500,0.0000,1.0000
2000-01-03,32.5600,34.0000,32.5600,33.5000,13.8934,107300,0.0000,1.0000
