timestamp,open,high,low,close,adjusted_close,volume,dividend_amount,split_coefficient
2018-07-03,20.4600,20.5700,20.4600,20.5500,20.5500,12275,0.0000,1.0000
2018-07-02,20.4500,20.5500,20.4000,20.4350,20.4350,30518,0.0000,1.0000
2018-06-29,20.3600,20.4400,20.2700,20.4400,20.4400,25165,0.0000,1.0000
2018-06-28,20.3600,20.3800,20.2600,20.3300,20.3300,33924,0.0000,1.0000
2018-06-27,20.3900,20.4400,20.3300,20.3554,20.3554,42577,0.0000,1.0000
2018-06-26,20.3400,20.4300,20.3000,20.3858,20.3858,21805,0.0000,1.0000
2018-06-25,20.4400,20.4400,19.9000,20.4400,20.4400,27000,0.0000,1.0000
2018-06-22,20.4500,20.6000,20.4300,20.4300,20.4300,38744,0.0000,1.0000
2018-06-21,20.5700,20.5700,20.4600,20.5000,20.5000,22042,0.0859,1.0000
2018-06-20,20.4700,20.5500,20.4278,20.5500,20.4642,19906,0.0000,1.0000
2018-06-19,20.4300,20.5100,20.4054,20.4600,20.3746,31810,0.0000,1.0000
2018-06-18,20.3600,20.4300,20.3300,20.4100,20.3248,36742,0.0000,1.0000
2018-06-15,20.3400,20.3400,20.2600,20.3200,20.2352,23112,0.0000,1.0000
2018-06-14,20.3500,20.4000,20.3200,20.3400,20.2551,20176,0.0000,1.0000
2018-06-13,20.4000,20.4000,20.2879,20.2879,20.2032,30912,0.0000,1.0000
2018-06-12,20.3300,20.4000,20.3000,20.3500,20.2651,15090,0.0000,1.0000
2018-06-11,20.3600,20.3900,20.2500,20.3200,20.2352,25368,0.0000,1.0000
2018-06-08,20.3400,20.4000,20.2906,20.3300,20.2452,27358,0.0000,1.0000
2018-06-07,20.3400,20.4100,20.3100,20.3300,20.2452,28481,0.0000,1.0000
2018-06-06,20.4000,20.4000,20.3259,20.3700,20.2850,23810,0.0000,1.0000
2018-06-05,20.4000,20.4700,20.3257,20.3700,20.2850,30860,0.0000,1.0000
2018-06-04,20.3800,20.4200,20.2900,20.3800,20.2950,26872,0.0000,1.0000
2018-06-01,20.3600,20.4300,20.3265,20.3600,20.2750,32943,0.0000,1.0000
2018-05-31,20.3700,20.3700,20.3100,20.3600,20.2750,26694,0.0000,1.0000
2018-05-30,20.3400,20.3500,20.2400,20.3200,20.2352,35254,0.0000,1.0000
2018-05-29,20.2100,20.3500,20.1501,20.2800,20.1954,60940,0.0000,1.0000
2018-05-25,20.1500,20.1700,20.1100,20.1325,20.0485,10085,0.0000,1.0000
2018-05-24,20.0200,20.1300,20.0200,20.0900,20.0062,43671,0.0000,1.0000
2018-05-23,20.1600,20.1679,20.0200,20.0300,19.9464,61363,0.0859,1.0000
2018-05-22,20.2130,20.2500,20.1800,20.2500,20.0794,14229,0.0000,1.0000
2018-05-21,20.1900,20.2400,20.1600,20.1800,20.0100,29769,0.0000,1.0000
2018-05-18,20.2200,20.2500,20.1586,20.2300,20.0596,34995,0.0000,1.0000
2018-05-17,20.2500,20.2500,20.1300,20.1800,20.0100,36373,0.0000,1.0000
2018-05-16,20.2300,20.3100,20.1710,20.2450,20.0744,36361,0.0000,1.0000
2018-05-15,20.2500,20.2500,20.1900,20.1900,20.0199,27009,0.0000,1.0000
2018-05-14,20.3400,20.3475,20.2500,20.2700,20.0992,10396,0.0000,1.0000
2018-05-11,20.2800,20.3300,20.2700,20.3100,20.1389,23652,0.0000,1.0000
2018-05-10,20.2800,20.3300,20.2600,20.3000,20.1290,17495,0.0000,1.0000
2018-05-09,20.2601,20.2903,20.2300,20.2700,20.0992,14222,0.0000,1.0000
2018-05-08,20.3000,20.3744,20.2800,20.2900,20.1191,22477,0.0000,1.0000
2018-05-07,20.4400,20.4400,20.3000,20.3300,20.1587,23146,0.0000,1.0000
2018-05-04,20.4500,20.4799,20.3700,20.3900,20.2182,31057,0.0000,1.0000
2018-05-03,20.3300,20.4200,20.3300,20.4000,20.2281,19405,0.0000,1.0000
2018-05-02,20.2700,20.4000,20.2700,20.3456,20.1742,19657,0.0000,1.0000
2018-05-01,20.1800,20.3200,20.1800,20.2700,20.0992,35212,0.0000,1.0000
2018-04-30,20.3100,20.3100,20.2200,20.2700,20.0992,36403,0.0000,1.0000
2018-04-27,20.1900,20.2900,20.1900,20.2900,20.1191,27987,0.0000,1.0000
2018-04-26,20.1100,20.2300,20.1100,20.2200,20.0496,29367,0.0000,1.0000
2018-04-25,20.2100,20.2700,20.1100,20.1100,19.9406,24949,0.0000,1.0000
2018-04-24,20.3400,20.3400,20.1600,20.2200,20.0496,54809,0.0000,1.0000
2018-04-23,20.3100,20.3386,20.2400,20.2400,20.0695,48577,0.0000,1.0000
2018-04-20,20.4600,20.4600,20.3500,20.3900,20.2182,19634,0.0859,1.0000
2018-04-19,20.4700,20.5500,20.4400,20.5100,20.2519,22344,0.0000,1.0000
2018-04-18,20.6100,20.6100,20.4700,20.4950,20.2371,17838,0.0000,1.0000
2018-04-17,20.6800,20.6900,20.5700,20.5800,20.3210,25616,0.0000,1.0000
2018-04-16,20.6300,20.6800,20.5600,20.5784,20.3194,36904,0.0000,1.0000
2018-04-13,20.6300,20.7100,20.6000,20.7000,20.4395,40238,0.0000,1.0000
2018-04-12,20.7000,20.7000,20.6500,20.6584,20.3984,22405,0.0000,1.0000
2018-04-11,20.6300,20.6858,20.6200,20.6500,20.3901,27162,0.0000,1.0000
2018-04-10,20.7300,20.7500,20.6200,20.6200,20.3605,28551,0.0000,1.0000
2018-04-09,20.7500,20.7500,20.6400,20.6961,20.4356,27313,0.0000,1.0000
2018-04-06,20.6600,20.8400,20.6600,20.7700,20.5086,35331,0.0000,1.0000
2018-04-05,20.6086,20.6300,20.5200,20.5900,20.3309,27021,0.0000,1.0000
2018-04-04,20.5400,20.6142,20.5100,20.6100,20.3506,21638,0.0000,1.0000
2018-04-03,20.6400,20.6400,20.5300,20.5400,20.2815,28950,0.0000,1.0000
2018-04-02,20.7800,20.7800,20.5800,20.5800,20.3210,35407,0.0000,1.0000
2018-03-29,20.7200,20.8499,20.6700,20.6700,20.4099,47854,0.0000,1.0000
2018-03-28,20.6900,20.8204,20.6857,20.7900,20.5284,22286,0.0000,1.0000
2018-03-27,20.6700,20.7800,20.5820,20.6900,20.4296,31257,0.0000,1.0000
2018-03-26,20.7200,20.8300,20.5800,20.5900,20.3309,35319,0.0000,1.0000
2018-03-23,20.7800,20.9000,20.6700,20.7200,20.4592,21474,0.0000,1.0000
2018-03-22,20.7100,20.8700,20.6900,20.7900,20.5284,53078,0.0000,1.0000
2018-03-21,20.7700,20.8297,20.6900,20.7101,20.4495,21786,0.0859,1.0000
2018-03-20,21.0000,21.0064,20.8600,20.9500,20.6009,36554,0.0000,1.0000
2018-03-19,21.1700,21.1850,20.9810,21.0300,20.6796,22531,0.0000,1.0000
2018-03-16,20.9600,21.2600,20.9600,21.2600,20.9057,38218,0.0000,1.0000
2018-03-15,21.0100,21.0500,20.9600,21.0300,20.6796,15572,0.0000,1.0000
2018-03-14,21.0100,21.0651,20.9700,21.0500,20.6992,14085,0.0000,1.0000
2018-03-13,21.0700,21.1900,20.9500,21.0500,20.6992,37988,0.0000,1.0000
2018-03-12,21.1300,21.1400,20.9200,21.1400,20.7877,31488,0.0000,1.0000
2018-03-09,20.9600,21.0500,20.9200,21.0400,20.6894,15012,0.0000,1.0000
2018-03-08,20.9300,21.0640,20.9300,21.0400,20.6894,15948,0.0000,1.0000
2018-03-07,21.0800,21.0800,20.9400,20.9800,20.6304,11362,0.0000,1.0000
2018-03-06,20.9600,21.0720,20.9301,21.0300,20.6796,14112,0.0000,1.0000
2018-03-05,20.9800,21.0700,20.9500,20.9700,20.6206,29161,0.0000,1.0000
2018-03-02,20.8900,20.9700,20.8900,20.9700,20.6206,18153,0.0000,1.0000
2018-03-01,21.0200,21.0200,20.9282,20.9300,20.5812,23025,0.0000,1.0000
2018-02-28,21.0000,21.0700,20.8800,20.8800,20.5321,21582,0.0000,1.0000
2018-02-27,20.9900,21.1100,20.9900,21.0235,20.6732,14497,0.0000,1.0000
2018-02-26,20.9300,21.0400,20.9200,21.0400,20.6894,16403,0.0000,1.0000
2018-02-23,20.8900,21.0200,20.8900,20.9200,20.5714,13528,0.0000,1.0000
2018-02-22,21.0200,21.0699,20.8900,20.9000,20.5517,23733,0.0000,1.0000
2018-02-21,21.0200,21.0768,21.0200,21.0600,20.7091,28226,0.0000,1.0000
2018-02-20,21.1200,21.1300,21.0201,21.0700,20.7189,23600,0.0859,1.0000
2018-02-16,21.1500,21.2150,21.1100,21.1700,20.7327,22898,0.0000,1.0000
2018-02-15,21.0600,21.2000,21.0551,21.1500,20.7131,27372,0.0000,1.0000
2018-02-14,20.9000,21.1300,20.9000,21.1200,20.6837,42790,0.0000,1.0000
2018-02-13,20.9000,21.0000,20.8886,20.9300,20.4977,26944,0.0000,1.0000
2018-02-12,20.9500,20.9500,20.8400,20.8400,20.4095,39776,0.0000,1.0000
2018-02-09,21.1000,21.1000,20.9300,20.9600,20.5270,38784,0.0000,1.0000
2018-02-08,21.2000,21.2000,21.0400,21.0400,20.6054,30758,0.0000,1.0000
2018-02-07,21.1000,21.3200,21.0531,21.2000,20.7621,31004,0.0000,1.0000
2018-02-06,20.9700,21.1000,20.9200,21.0900,20.6544,41094,0.0000,1.0000
2018-02-05,21.0800,21.1500,20.8490,20.9331,20.5007,23445,0.0000,1.0000
2018-02-02,21.2700,21.2723,21.0000,21.1800,20.7425,32501,0.0000,1.0000
2018-02-01,21.5400,21.5400,21.3300,21.3300,20.8894,34439,0.0000,1.0000
2018-01-31,21.3600,21.4700,21.3200,21.4400,20.9971,31978,0.0000,1.0000
2018-01-30,21.4000,21.5600,21.3800,21.3900,20.9482,45119,0.0000,1.0000
2018-01-29,22.0000,22.0500,21.6600,21.6800,21.2322,56164,0.0000,1.0000
2018-01-26,22.1600,22.1600,22.0000,22.0004,21.5460,24211,0.0000,1.0000
2018-01-25,22.3100,22.3100,22.1800,22.2000,21.7414,11704,0.0000,1.0000
2018-01-24,22.2200,22.3200,22.2100,22.2200,21.7610,17103,0.0000,1.0000
2018-01-23,22.3400,22.4000,22.1500,22.3300,21.8687,32949,0.0859,1.0000
2018-01-22,22.2300,22.4000,22.2300,22.3300,21.7849,28629,0.0000,1.0000
2018-01-19,22.3400,22.3400,22.2230,22.3400,21.7947,16999,0.0000,1.0000
2018-01-18,22.1800,22.3400,22.1400,22.3400,21.7947,30910,0.0000,1.0000
2018-01-17,22.4300,22.4500,22.2110,22.2401,21.6972,33458,0.0000,1.0000
2018-01-16,22.4900,22.5656,22.3700,22.4300,21.8825,27742,0.0000,1.0000
2018-01-12,22.6600,22.8000,22.4201,22.4300,21.8825,49996,0.0000,1.0000
2018-01-11,22.8400,23.1700,22.7000,22.7800,22.2240,33735,0.0000,1.0000
2018-01-10,22.8000,22.9000,22.6501,22.7200,22.1654,40146,0.0000,1.0000
2018-01-09,23.1700,23.1700,22.8500,22.9900,22.4288,35669,0.0000,1.0000
2018-01-08,22.8100,23.2600,22.8000,23.2600,22.6922,28981,0.0000,1.0000
2018-01-05,22.7900,23.0300,22.7201,22.8600,22.3020,17894,0.0000,1.0000
2018-01-04,22.6500,22.9900,22.5424,22.9369,22.3770,27775,0.0000,1.0000
2018-01-03,22.3500,22.6100,22.3414,22.4900,21.9410,39127,0.0000,1.0000
2018-01-02,22.4700,22.6400,22.4000,22.4000,21.8532,24411,0.0000,1.0000
2017-12-29,23.1900,23.1900,22.4300,22.5300,21.9801,37634,0.0000,1.0000
2017-12-28,23.4100,23.4100,22.5700,22.5700,22.0191,33512,0.0000,1.0000
2017-12-27,23.2800,23.4900,22.9884,23.4900,22.9166,30995,0.0000,1.0000
2017-12-26,22.9600,23.5200,22.8601,23.0900,22.5264,18818,0.0000,1.0000
2017-12-22,22.4800,22.8700,22.4500,22.8300,22.2727,19780,0.0000,1.0000
2017-12-21,22.5000,22.6500,22.4800,22.4901,21.9411,14136,0.0859,1.0000
2017-12-20,22.6700,22.9527,22.5300,22.7300,22.0908,16977,0.1218,1.0000
2017-12-19,22.6600,22.8000,22.5810,22.7100,21.9537,10484,0.0000,1.0000
2017-12-18,22.7400,22.8000,22.6800,22.7800,22.0214,14688,0.0000,1.0000
2017-12-15,22.7500,22.8400,22.7000,22.7400,21.9827,21117,0.0000,1.0000
2017-12-14,22.7900,22.9867,22.7700,22.8086,22.0490,16920,0.0000,1.0000
2017-12-13,23.0300,23.0300,22.8000,22.8400,22.0794,15983,0.0000,1.0000
2017-12-12,22.9800,23.0600,22.9110,22.9200,22.1567,10089,0.0000,1.0000
2017-12-11,22.8728,23.0300,22.7900,22.9300,22.1664,14592,0.0000,1.0000
2017-12-08,23.1300,23.1300,22.9216,22.9300,22.1664,10229,0.0000,1.0000
2017-12-07,23.1500,23.2400,22.9200,22.9600,22.1954,22509,0.0000,1.0000
2017-12-06,23.0600,23.4897,23.0460,23.1495,22.3786,26403,0.0000,1.0000
2017-12-05,22.8900,23.4600,22.8900,23.1500,22.3791,11488,0.0000,1.0000
2017-12-04,23.0900,23.1000,22.7000,22.9900,22.2244,20832,0.0000,1.0000
2017-12-01,23.1800,23.2500,23.0101,23.2100,22.4371,22262,0.0000,1.0000
2017-11-30,23.1200,23.2000,22.9302,23.1800,22.4081,32395,0.0000,1.0000
2017-11-29,23.1900,23.2000,22.9201,23.1600,22.3887,33751,0.0000,1.0000
2017-11-28,22.9200,23.3947,22.9150,23.3100,22.5337,55747,0.0000,1.0000
2017-11-27,22.4100,22.9700,22.3800,22.8600,22.0987,37083,0.0000,1.0000
2017-11-24,22.4300,22.4300,22.3400,22.3990,21.6531,6734,0.0000,1.0000
2017-11-22,22.4300,22.4400,22.2500,22.3600,21.6154,20014,0.0000,1.0000
2017-11-21,22.0900,22.4700,22.0700,22.4500,21.7024,35303,0.0859,1.0000
2017-11-20,22.3100,22.3100,22.1200,22.1210,21.3028,16028,0.0000,1.0000
2017-11-17,22.2300,22.3200,22.1711,22.2400,21.4174,22416,0.0000,1.0000
2017-11-16,22.2000,22.2800,22.1600,22.2178,21.3960,18442,0.0000,1.0000
2017-11-15,22.1500,22.3800,22.1379,22.2100,21.3885,22172,0.0000,1.0000
2017-11-14,21.9900,22.1500,21.9900,22.1400,21.3211,20621,0.0000,1.0000
2017-11-13,22.0100,22.0300,21.9604,21.9900,21.1767,16323,0.0000,1.0000
2017-11-10,22.1000,22.1000,21.9000,22.0100,21.1959,17465,0.0000,1.0000
2017-11-09,22.0800,22.1400,22.0510,22.1200,21.3019,29165,0.0000,1.0000
2017-11-08,22.1400,22.1800,21.9700,22.0800,21.2633,52888,0.0000,1.0000
2017-11-07,22.0700,22.1300,21.9800,22.1000,21.2826,16041,0.0000,1.0000
2017-11-06,22.0000,22.0900,22.0000,22.0650,21.2489,22773,0.0000,1.0000
2017-11-03,21.8900,22.0000,21.8400,22.0000,21.1863,21857,0.0000,1.0000
2017-11-02,21.9900,22.0000,21.8500,21.9300,21.1189,26210,0.0000,1.0000
2017-11-01,22.0600,22.0600,21.8900,21.9700,21.1574,31436,0.0000,1.0000
2017-10-31,22.0200,22.1100,21.8164,21.8500,21.0419,40205,0.0000,1.0000
2017-10-30,21.8500,22.1300,21.8500,21.9900,21.1767,35704,0.0000,1.0000
2017-10-27,22.4400,22.4716,21.8300,21.8900,21.0804,93516,0.0000,1.0000
2017-10-26,22.5000,22.5500,22.2950,22.3000,21.4752,55826,0.0000,1.0000
2017-10-25,22.7700,22.7700,22.5000,22.5400,21.7063,48491,0.0000,1.0000
2017-10-24,22.7800,22.7800,22.6300,22.7100,21.8700,25449,0.0000,1.0000
2017-10-23,22.7500,22.7745,22.6600,22.7000,21.8604,9086,0.0859,1.0000
2017-10-20,22.9200,22.9200,22.7500,22.7800,21.8548,15983,0.0000,1.0000
2017-10-19,23.2600,23.2600,22.8800,22.9700,22.0370,23717,0.0000,1.0000
2017-10-18,23.2500,23.2500,22.9800,23.1500,22.2097,28560,0.0000,1.0000
2017-10-17,23.4300,23.4989,23.2200,23.3300,22.3824,40568,0.0000,1.0000
2017-10-16,23.4000,23.5200,23.2700,23.4400,22.4879,23373,0.0000,1.0000
2017-10-13,23.4500,23.5400,23.3300,23.4000,22.4496,39561,0.0000,1.0000
2017-10-12,23.2300,23.4480,23.2100,23.4300,22.4784,24661,0.0000,1.0000
2017-10-11,23.2000,23.3500,23.0500,23.3400,22.3920,26426,0.0000,1.0000
2017-10-10,22.8100,23.2200,22.6111,23.2100,22.2673,68056,0.0000,1.0000
2017-10-09,22.6200,22.8300,22.4400,22.6311,21.7119,14291,0.0000,1.0000
2017-10-06,22.5400,22.5400,22.3572,22.4400,21.5286,12812,0.0000,1.0000
2017-10-05,22.4200,22.5400,22.3574,22.4500,21.5382,23769,0.0000,1.0000
2017-10-04,22.2800,22.5000,22.2600,22.3772,21.4683,28591,0.0000,1.0000
2017-10-03,22.5500,22.5500,22.3200,22.4000,21.4902,51971,0.0000,1.0000
2017-10-02,22.9100,22.9100,22.3701,22.4200,21.5094,38100,0.0000,1.0000
2017-09-29,22.9700,23.0000,22.6600,22.6800,21.7588,33531,0.0000,1.0000
2017-09-28,23.0600,23.0600,22.7300,22.8400,21.9123,24178,0.0000,1.0000
2017-09-27,22.9700,23.1500,22.7800,23.1500,22.2097,45627,0.0000,1.0000
2017-09-26,22.9000,23.1000,22.6300,23.0400,22.1042,24871,0.0000,1.0000
2017-09-25,22.9000,22.9900,22.8000,22.9600,22.0274,28760,0.0000,1.0000
2017-09-22,22.9000,23.0100,22.8529,22.9900,22.0562,14202,0.0000,1.0000
2017-09-21,22.7500,22.9000,22.4500,22.8700,21.9411,57697,0.0859,1.0000
2017-09-20,23.0400,23.0400,22.7400,22.7500,21.7443,11165,0.0000,1.0000
2017-09-19,23.1300,23.1500,22.8500,22.8500,21.8399,29031,0.0000,1.0000
2017-09-18,23.0400,23.0836,22.9000,22.9514,21.9368,13123,0.0000,1.0000
2017-09-15,23.1500,23.1500,22.9595,22.9900,21.9737,18227,0.0000,1.0000
2017-09-14,22.9500,23.1500,22.8200,23.1300,22.1075,24067,0.0000,1.0000
2017-09-13,22.8500,22.9300,22.7600,22.9300,21.9163,15884,0.0000,1.0000
2017-09-12,22.9000,22.9600,22.7900,22.7900,21.7825,22089,0.0000,1.0000
2017-09-11,23.1400,23.1400,22.9500,22.9500,21.9355,30144,0.0000,1.0000
2017-09-08,23.1500,23.1500,22.9303,23.1000,22.0788,10185,0.0000,1.0000
2017-09-07,22.9400,23.3700,22.9400,23.0100,21.9928,33506,0.0000,1.0000
2017-09-06,22.7700,23.5100,22.5600,22.9300,21.9163,55134,0.0000,1.0000
2017-09-05,22.7500,22.8200,22.5839,22.7800,21.7730,22566,0.0000,1.0000
2017-09-01,22.5500,22.6100,22.4901,22.5500,21.5531,28850,0.0000,1.0000
2017-08-31,22.4600,22.5500,22.3700,22.5500,21.5531,19032,0.0000,1.0000
2017-08-30,22.5200,22.5200,22.3201,22.4300,21.4384,12043,0.0000,1.0000
2017-08-29,22.5000,22.5000,22.3500,22.4300,21.4384,15374,0.0000,1.0000
2017-08-28,22.4200,22.4200,22.2300,22.3200,21.3333,17904,0.0000,1.0000
2017-08-25,22.5500,22.5500,22.2300,22.2300,21.2473,59907,0.0000,1.0000
2017-08-24,22.4600,22.5100,22.3800,22.5100,21.5149,16744,0.0000,1.0000
2017-08-23,22.5500,22.5500,22.2500,22.4300,21.4384,34486,0.0000,1.0000
2017-08-22,22.5400,22.5500,22.4500,22.5381,21.5418,23183,0.0859,1.0000
2017-08-21,22.5500,22.5500,22.4962,22.5500,21.4713,9428,0.0000,1.0000
2017-08-18,22.4500,22.5500,22.2702,22.5400,21.4618,17174,0.0000,1.0000
2017-08-17,22.3800,22.3800,22.2800,22.3800,21.3094,19009,0.0000,1.0000
2017-08-16,22.2800,22.3300,22.2480,22.3300,21.2618,34867,0.0000,1.0000
2017-08-15,22.3200,22.3400,22.1200,22.2000,21.1380,30514,0.0000,1.0000
2017-08-14,22.3200,22.4300,22.2310,22.3300,21.2618,33056,0.0000,1.0000
2017-08-11,22.4500,22.4500,22.1769,22.3700,21.2999,19870,0.0000,1.0000
2017-08-10,22.4400,22.4400,22.1500,22.2300,21.1666,43329,0.0000,1.0000
2017-08-09,22.4500,22.4500,22.3000,22.3600,21.2904,36034,0.0000,1.0000
2017-08-08,22.4300,22.4500,22.3100,22.4200,21.3475,31082,0.0000,1.0000
2017-08-07,22.3300,22.4500,22.3100,22.3200,21.2523,38340,0.0000,1.0000
2017-08-04,22.4800,22.5000,22.3100,22.4500,21.3761,27958,0.0000,1.0000
2017-08-03,22.5400,22.5500,22.3500,22.4400,21.3666,37611,0.0000,1.0000
2017-08-02,22.5500,22.5500,22.4400,22.5000,21.4237,34296,0.0000,1.0000
2017-08-01,22.5300,22.5500,22.4209,22.5500,21.4713,46790,0.0000,1.0000
2017-07-31,22.3900,22.4200,22.2700,22.4200,21.3475,21093,0.0000,1.0000
2017-07-28,22.1900,22.3100,22.1300,22.3100,21.2428,11821,0.0000,1.0000
2017-07-27,21.9600,22.0800,21.9000,22.0800,21.0238,23058,0.0000,1.0000
2017-07-26,21.9200,21.9700,21.8861,21.9600,20.9095,18090,0.0000,1.0000
2017-07-25,22.0100,22.2100,21.8100,21.8500,20.8048,88039,0.0000,1.0000
2017-07-24,22.1300,22.2600,22.0400,22.0572,21.0021,42002,0.0000,1.0000
2017-07-21,22.2700,22.2700,22.0700,22.1900,21.1285,22375,0.0000,1.0000
2017-07-20,22.1500,22.2600,22.0700,22.1900,21.1285,22751,0.0859,1.0000
2017-07-19,22.3400,22.3400,22.1400,22.2400,21.0945,37325,0.0000,1.0000
2017-07-18,22.1300,22.3000,22.1100,22.2900,21.1419,33757,0.0000,1.0000
2017-07-17,22.2200,22.2800,22.1400,22.1700,21.0281,26111,0.0000,1.0000
2017-07-14,22.2100,22.2600,22.1700,22.2400,21.0945,19646,0.0000,1.0000
2017-07-13,22.0600,22.1900,22.0600,22.1500,21.0091,17053,0.0000,1.0000
2017-07-12,22.0500,22.1564,22.0500,22.1300,20.9901,23059,0.0000,1.0000
2017-07-11,22.0000,22.0500,21.9695,22.0100,20.8763,31051,0.0000,1.0000
2017-07-10,21.8600,22.0000,21.8501,21.9900,20.8574,28268,0.0000,1.0000
2017-07-07,21.8200,21.8500,21.7500,21.8499,20.7245,14603,0.0000,1.0000
2017-07-06,21.8800,21.9400,21.7600,21.7700,20.6487,14266,0.0000,1.0000
2017-07-05,21.9400,22.0200,21.8300,21.9200,20.7910,29614,0.0000,1.0000
2017-07-03,21.9200,22.0137,21.9200,21.9450,20.8147,21689,0.0000,1.0000
2017-06-30,21.9100,21.9800,21.8400,21.8900,20.7625,51588,0.0000,1.0000
2017-06-29,22.1700,22.1700,21.9500,21.9600,20.8289,58497,0.0000,1.0000
2017-06-28,22.4300,22.4300,22.1700,22.1839,21.0413,39478,0.0000,1.0000
2017-06-27,22.3800,22.3881,22.2500,22.3320,21.1817,16847,0.0000,1.0000
2017-06-26,22.4800,22.5000,22.2800,22.3090,21.1599,32177,0.0000,1.0000
2017-06-23,22.5200,22.5400,22.4200,22.4600,21.3031,27736,0.0000,1.0000
2017-06-22,22.4500,22.6600,22.4500,22.5300,21.3695,27823,0.0000,1.0000
2017-06-21,22.6700,22.6700,22.4900,22.5500,21.3885,17897,0.0859,1.0000
2017-06-20,22.6000,22.6100,22.3900,22.5899,21.3450,25184,0.0000,1.0000
2017-06-19,22.6500,22.8000,22.3000,22.4400,21.2034,41353,0.0000,1.0000
2017-06-16,22.2500,23.1200,22.2233,22.4600,21.2223,26881,0.0000,1.0000
2017-06-15,22.0500,22.2500,22.0400,22.1500,20.9294,22755,0.0000,1.0000
2017-06-14,22.0200,22.1538,22.0200,22.1000,20.8821,13208,0.0000,1.0000
2017-06-13,21.9500,22.0499,21.9500,22.0200,20.8066,18816,0.0000,1.0000
2017-06-12,21.9300,22.0706,21.9300,22.0000,20.7877,29541,0.0000,1.0000
2017-06-09,22.0200,22.0670,21.9100,21.9900,20.7782,13882,0.0000,1.0000
2017-06-08,22.0200,22.1100,22.0100,22.0600,20.8443,22499,0.0000,1.0000
2017-06-07,22.1500,22.1500,22.1000,22.1200,20.9010,12537,0.0000,1.0000
2017-06-06,21.9900,22.0700,21.9900,22.0700,20.8538,13801,0.0000,1.0000
2017-06-05,21.9900,22.0300,21.9200,22.0200,20.8066,33006,0.0000,1.0000
2017-06-02,21.9200,22.0200,21.9100,21.9600,20.7499,27672,0.0000,1.0000
2017-06-01,22.0900,22.0900,21.8000,21.8928,20.6864,29067,0.0000,1.0000
2017-05-31,21.8500,21.9100,21.8100,21.9100,20.7026,20379,0.0000,1.0000
2017-05-30,21.8100,21.8300,21.7400,21.7900,20.5892,24350,0.0000,1.0000
2017-05-26,21.8100,21.8400,21.8100,21.8200,20.6176,6422,0.0000,1.0000
2017-05-25,21.9000,21.9990,21.7300,21.7804,20.5802,24874,0.0000,1.0000
2017-05-24,21.9500,22.0200,21.8801,21.9000,20.6932,19339,0.0000,1.0000
2017-05-23,22.0000,22.0200,21.9600,21.9700,20.7593,21952,0.0000,1.0000
2017-05-22,21.8800,21.9800,21.8700,21.9400,20.7310,39169,0.0859,1.0000
2017-05-19,22.0900,22.0900,21.9600,22.0440,20.7480,25259,0.0000,1.0000
2017-05-18,22.0400,22.1000,22.0300,22.0300,20.7348,7533,0.0000,1.0000
2017-05-17,21.9800,22.1000,21.9800,22.0714,20.7738,17386,0.0000,1.0000
2017-05-16,21.9800,22.0424,21.9600,22.0000,20.7066,23722,0.0000,1.0000
2017-05-15,22.0000,22.0100,21.9599,21.9900,20.6972,18597,0.0000,1.0000
2017-05-12,21.9600,22.0200,21.8809,22.0000,20.7066,31254,0.0000,1.0000
2017-05-11,21.6700,22.0500,21.6638,21.9200,20.6313,62908,0.0000,1.0000
2017-05-10,21.6900,21.7200,21.6500,21.6500,20.3772,25348,0.0000,1.0000
2017-05-09,21.7000,21.7300,21.6400,21.6700,20.3960,29173,0.0000,1.0000
2017-05-08,21.7700,21.8000,21.7300,21.7500,20.4713,24253,0.0000,1.0000
2017-05-05,21.7600,21.8000,21.7201,21.8000,20.5183,15472,0.0000,1.0000
2017-05-04,21.7000,21.7314,21.6700,21.6800,20.4054,21818,0.0000,1.0000
2017-05-03,21.6600,21.8000,21.6600,21.8000,20.5183,21265,0.0000,1.0000
2017-05-02,21.5700,21.6600,21.5700,21.6300,20.3583,18747,0.0000,1.0000
2017-05-01,21.6600,21.6600,21.5800,21.6600,20.3866,16861,0.0000,1.0000
2017-04-28,21.6200,21.6200,21.5663,21.6200,20.3489,13463,0.0000,1.0000
2017-04-27,21.4800,21.6100,21.4508,21.6100,20.3395,18350,0.0000,1.0000
2017-04-26,21.3800,21.4800,21.3200,21.4800,20.2172,26307,0.0000,1.0000
2017-04-25,21.5000,21.5690,21.3100,21.3700,20.1136,62002,0.0000,1.0000
2017-04-24,21.6100,21.6390,21.5200,21.5500,20.2830,26807,0.0000,1.0000
2017-04-21,21.7600,21.7600,21.6500,21.6500,20.3772,19175,0.0000,1.0000
2017-04-20,21.7300,21.7700,21.6500,21.6500,20.3772,19091,0.0000,1.0000
2017-04-19,21.7700,21.9093,21.7700,21.8141,20.5316,20132,0.0859,1.0000
2017-04-18,21.9300,21.9400,21.8800,21.8800,20.5129,20860,0.0000,1.0000
2017-04-17,21.8800,21.9000,21.8100,21.8700,20.5035,25595,0.0000,1.0000
2017-04-13,21.8000,21.9300,21.8000,21.9300,20.5597,27545,0.0000,1.0000
2017-04-12,21.7100,21.8200,21.6966,21.7400,20.3816,20836,0.0000,1.0000
2017-04-11,21.6800,21.7800,21.6800,21.7300,20.3722,26828,0.0000,1.0000
2017-04-10,21.8600,21.8600,21.6501,21.7400,20.3816,27792,0.0000,1.0000
2017-04-07,21.6100,21.7800,21.5700,21.6500,20.2972,42373,0.0000,1.0000
2017-04-06,21.5200,21.6000,21.5200,21.6000,20.2504,17847,0.0000,1.0000
2017-04-05,21.5000,21.5500,21.4810,21.5000,20.1566,21472,0.0000,1.0000
2017-04-04,21.5800,21.5900,21.4200,21.5200,20.1754,65142,0.0000,1.0000
2017-04-03,21.5900,21.5900,21.5200,21.5401,20.1942,19501,0.0000,1.0000
2017-03-31,21.5700,21.5900,21.4500,21.5200,20.1754,33585,0.0000,1.0000
2017-03-30,21.5300,21.5600,21.4200,21.5200,20.1754,28280,0.0000,1.0000
2017-03-29,21.4800,21.5100,21.4100,21.4500,20.1097,22866,0.0000,1.0000
2017-03-28,21.4300,21.4700,21.3478,21.4700,20.1285,46193,0.0000,1.0000
2017-03-27,21.2400,21.3600,21.2300,21.3600,20.0254,34990,0.0000,1.0000
2017-03-24,21.2000,21.2100,21.0900,21.2000,19.8753,21396,0.0000,1.0000
2017-03-23,21.1400,21.1800,21.0900,21.1400,19.8191,16393,0.0000,1.0000
2017-03-22,21.1300,21.2072,21.1300,21.1400,19.8191,13235,0.0859,1.0000
2017-03-21,21.2900,21.2900,21.1400,21.2100,19.8043,16840,0.0000,1.0000
2017-03-20,21.0200,21.3000,21.0200,21.3000,19.8883,24831,0.0000,1.0000
2017-03-17,21.1800,21.1800,20.9500,21.0200,19.6268,35019,0.0000,1.0000
2017-03-16,21.0900,21.1700,20.9500,21.0700,19.6735,23668,0.0000,1.0000
2017-03-15,20.9200,21.1600,20.8966,21.1000,19.7015,17046,0.0000,1.0000
2017-03-14,20.9200,20.9514,20.8300,20.8900,19.5055,29244,0.0000,1.0000
2017-03-13,21.1800,21.1800,20.8900,20.9100,19.5241,48999,0.0000,1.0000
2017-03-10,21.1000,21.1400,20.9076,21.0700,19.6735,27563,0.0000,1.0000
2017-03-09,21.4100,21.5069,20.7700,20.9400,19.5521,63920,0.0000,1.0000
2017-03-08,21.5300,21.5524,21.4500,21.4500,20.0283,17858,0.0000,1.0000
2017-03-07,21.7500,21.8000,21.6000,21.6200,20.1871,14312,0.0000,1.0000
2017-03-06,21.9600,21.9762,21.5700,21.6300,20.1964,28037,0.0000,1.0000
2017-03-03,21.7200,21.8900,21.5600,21.8900,20.4392,41932,0.0000,1.0000
2017-03-02,21.6700,21.7600,21.5200,21.6000,20.1684,37679,0.0000,1.0000
2017-03-01,21.8200,21.8200,21.5500,21.6200,20.1871,64076,0.0000,1.0000
2017-02-28,21.7800,21.9520,21.7800,21.8600,20.4112,34515,0.0000,1.0000
2017-02-27,22.1100,22.1100,21.7800,21.8100,20.3645,44933,0.0000,1.0000
2017-02-24,22.0000,22.1500,21.8938,22.0400,20.5792,59746,0.0000,1.0000
2017-02-23,22.1000,22.1400,21.8600,21.8700,20.4205,40693,0.0000,1.0000
2017-02-22,22.0500,22.1300,21.8200,21.9300,20.4765,51922,0.0000,1.0000
2017-02-21,21.7800,22.1300,21.7200,21.9500,20.4952,49644,0.0000,1.0000
2017-02-17,21.8100,21.8400,21.6600,21.8200,20.3738,47561,0.0000,1.0000
2017-02-16,21.6900,21.8100,21.6100,21.7200,20.2805,60237,0.0859,1.0000
2017-02-15,21.6100,21.7100,21.5710,21.6900,20.1727,49428,0.0000,1.0000
2017-02-14,21.7500,21.7500,21.6000,21.6900,20.1727,57196,0.0000,1.0000
2017-02-13,21.6000,21.7200,21.5301,21.7200,20.2006,44294,0.0000,1.0000
2017-02-10,21.4600,21.6100,21.4600,21.6000,20.0890,46181,0.0000,1.0000
2017-02-09,21.5900,21.6000,21.4500,21.4800,19.9773,30944,0.0000,1.0000
2017-02-08,21.6500,21.6500,21.4900,21.5900,20.0797,25394,0.0000,1.0000
2017-02-07,21.4300,21.6600,21.3800,21.5100,20.0053,39162,0.0000,1.0000
2017-02-06,21.3600,21.4300,21.3300,21.4300,19.9308,25292,0.0000,1.0000
2017-02-03,21.3100,21.3581,21.2800,21.3300,19.8378,25915,0.0000,1.0000
2017-02-02,21.2400,21.3788,21.2400,21.3100,19.8192,33584,0.0000,1.0000
2017-02-01,21.3100,21.3100,21.1900,21.3000,19.8099,41840,0.0000,1.0000
2017-01-31,21.2100,21.3401,21.2100,21.2300,19.7448,36323,0.0000,1.0000
2017-01-30,21.1800,21.2500,21.1800,21.2100,19.7262,35809,0.0000,1.0000
2017-01-27,21.1100,21.2400,21.1000,21.2200,19.7355,26315,0.0000,1.0000
2017-01-26,21.0600,21.1200,21.0600,21.0800,19.6053,37970,0.0000,1.0000
2017-01-25,21.2000,21.2000,21.0500,21.0600,19.5867,44407,0.0000,1.0000
2017-01-24,21.3400,21.3400,21.1000,21.1274,19.6494,33504,0.0000,1.0000
2017-01-23,21.1000,21.2700,21.1000,21.2423,19.7563,17529,0.0000,1.0000
2017-01-20,21.1300,21.1400,21.0100,21.1000,19.6239,33723,0.0859,1.0000
2017-01-19,21.2100,21.2389,21.1000,21.2200,19.6555,40053,0.0000,1.0000
2017-01-18,21.1700,21.2467,21.1401,21.2200,19.6555,26863,0.0000,1.0000
2017-01-17,21.1600,21.2313,21.1250,21.1800,19.6185,28352,0.0000,1.0000
2017-01-13,21.1100,21.2000,21.0500,21.0900,19.5351,38151,0.0000,1.0000
2017-01-12,21.0800,21.1700,21.0400,21.1700,19.6092,28011,0.0000,1.0000
2017-01-11,21.1200,21.1300,20.9500,21.0700,19.5166,47623,0.0000,1.0000
2017-01-10,21.1200,21.1200,21.0300,21.0500,19.4981,18623,0.0000,1.0000
2017-01-09,20.8600,21.0600,20.8600,21.0300,19.4795,43353,0.0000,1.0000
2017-01-06,20.9300,20.9300,20.8100,20.8500,19.3128,56991,0.0000,1.0000
2017-01-05,20.8500,20.9800,20.8500,20.9300,19.3869,54968,0.0000,1.0000
2017-01-04,20.8300,20.9000,20.8000,20.8800,19.3406,78770,0.0000,1.0000
2017-01-03,20.8100,20.8452,20.7700,20.8100,19.2757,33104,0.0000,1.0000
2016-12-30,20.7800,20.8650,20.7750,20.8000,19.2665,37968,0.0000,1.0000
2016-12-29,20.7200,20.8150,20.7200,20.7900,19.2572,83334,0.0000,1.0000
2016-12-28,20.7200,20.8000,20.7200,20.7800,19.2480,48016,0.0000,1.0000
2016-12-27,20.4500,20.8000,20.4500,20.7900,19.2572,71030,0.0000,1.0000
2016-12-23,20.7900,20.8300,20.7000,20.7000,19.1739,48887,0.0000,1.0000
2016-12-22,20.8400,20.8800,20.7747,20.8200,19.2850,81005,0.0000,1.0000
2016-12-21,20.8200,20.9300,20.8079,20.8300,19.2943,84791,0.0900,1.0000
2016-12-20,21.0000,21.0500,20.8953,21.0300,19.3957,67576,0.0000,1.0000
2016-12-19,20.7700,20.9400,20.7700,20.9400,19.3127,50603,0.0000,1.0000
2016-12-16,20.8000,20.8400,20.7500,20.8000,19.1836,71626,0.0000,1.0000
2016-12-15,20.9000,21.0000,20.7900,20.7900,19.1744,65183,0.0000,1.0000
2016-12-14,21.1000,21.2900,21.0700,21.0700,19.4326,41337,0.0000,1.0000
2016-12-13,20.9700,21.1600,20.9400,21.1100,19.4695,67389,0.0000,1.0000
2016-12-12,21.1400,21.1400,20.8600,21.1100,19.4695,52193,0.0000,1.0000
2016-12-09,21.0200,21.1900,20.9210,21.1629,19.5183,64946,0.0000,1.0000
2016-12-08,21.0600,21.2500,20.8511,21.1000,19.4603,74351,0.2067,1.0000
2016-12-07,21.0500,21.4400,21.0500,21.4100,19.5546,33032,0.0000,1.0000
2016-12-06,20.8700,21.0800,20.8400,21.0800,19.2532,25325,0.0000,1.0000
2016-12-05,21.0100,21.0400,20.8400,20.8400,19.0340,53143,0.0000,1.0000
2016-12-02,20.8000,21.1000,20.8000,21.0800,19.2532,58520,0.0000,1.0000
2016-12-01,20.9000,20.9000,20.8000,20.8800,19.0706,66068,0.0000,1.0000
2016-11-30,20.9400,21.0000,20.7800,21.0000,19.1802,54749,0.0000,1.0000
2016-11-29,20.7800,21.0900,20.7800,20.9900,19.1710,54960,0.0000,1.0000
2016-11-28,20.9800,21.1190,20.7500,20.8400,19.0340,76727,0.0000,1.0000
2016-11-25,21.0500,21.0500,20.9200,20.9574,19.1413,8578,0.0000,1.0000
2016-11-23,20.8700,20.9900,20.8600,20.9600,19.1436,28436,0.0000,1.0000
2016-11-22,20.9000,21.0700,20.8000,21.0000,19.1802,33778,0.0000,1.0000
2016-11-21,20.7500,20.9800,20.7500,20.9000,19.0888,26089,0.0858,1.0000
2016-11-18,21.1000,21.1000,20.8582,20.8700,18.9835,42303,0.0000,1.0000
2016-11-17,21.0200,21.0899,20.7000,21.0115,19.1122,81183,0.0000,1.0000
2016-11-16,21.2800,21.4000,21.1000,21.1000,19.1927,61133,0.0000,1.0000
2016-11-15,21.3000,21.3921,21.1000,21.1700,19.2563,87930,0.0000,1.0000
2016-11-14,21.5700,21.5700,20.5400,20.9100,19.0198,207026,0.0000,1.0000
2016-11-11,21.6900,21.7300,21.3700,21.5362,19.5894,49141,0.0000,1.0000
2016-11-10,22.0000,22.0900,21.7000,21.7000,19.7384,67569,0.0000,1.0000
2016-11-09,22.0600,22.2200,21.9970,22.0800,20.0841,47466,0.0000,1.0000
2016-11-08,22.0000,22.3600,21.9400,22.2700,20.2569,51772,0.0000,1.0000
2016-11-07,21.9600,22.0000,21.8500,22.0000,20.0113,37097,0.0000,1.0000
2016-11-04,21.9000,21.9000,21.7642,21.8900,19.9113,28685,0.0000,1.0000
2016-11-03,21.6900,21.8700,21.6900,21.7900,19.8203,34347,0.0000,1.0000
2016-11-02,21.7300,21.9000,21.7171,21.8400,19.8658,35780,0.0000,1.0000
2016-11-01,21.7500,21.7500,21.5801,21.7300,19.7657,50375,0.0000,1.0000
2016-10-31,21.9200,21.9200,21.5700,21.6300,19.6748,46362,0.0000,1.0000
2016-10-28,21.9600,21.9600,21.8000,21.8700,19.8931,30769,0.0000,1.0000
2016-10-27,21.9200,21.9600,21.8400,21.9600,19.9749,72415,0.0000,1.0000
2016-10-26,22.0200,22.0200,21.9500,21.9500,19.9658,28104,0.0000,1.0000
2016-10-25,22.0700,22.0700,21.9500,22.0400,20.0477,36871,0.0000,1.0000
2016-10-24,22.1200,22.1200,21.9400,22.0200,20.0295,55952,0.0000,1.0000
2016-10-21,21.8300,22.1200,21.8300,22.0596,20.0655,66772,0.0000,1.0000
2016-10-20,21.9000,22.0500,21.7500,21.8700,19.8931,57717,0.0858,1.0000
2016-10-19,21.6400,21.9300,21.5961,21.9200,19.8606,50715,0.0000,1.0000
2016-10-18,21.4400,21.6690,21.4400,21.4500,19.4348,47548,0.0000,1.0000
2016-10-17,21.7700,21.7993,21.4300,21.4600,19.4438,72278,0.0000,1.0000
2016-10-14,22.1600,22.2022,21.8500,21.8852,19.8291,44945,0.0000,1.0000
2016-10-13,22.5200,22.5200,22.1600,22.2100,20.1234,55881,0.0000,1.0000
2016-10-12,22.5300,22.6000,22.4500,22.4800,20.3680,28828,0.0000,1.0000
2016-10-11,22.6000,22.6492,22.5700,22.5700,20.4495,34093,0.0000,1.0000
2016-10-10,22.6601,22.7190,22.5800,22.7000,20.5673,54516,0.0000,1.0000
2016-10-07,22.8000,22.8000,22.6300,22.6644,20.5351,18400,0.0000,1.0000
2016-10-06,22.7600,22.9200,22.7100,22.7200,20.5854,35466,0.0000,1.0000
2016-10-05,22.8600,22.9200,22.7503,22.8100,20.6670,39850,0.0000,1.0000
2016-10-04,22.8800,22.9700,22.4300,22.9300,20.7757,103393,0.0000,1.0000
2016-10-03,23.3200,23.3500,22.9200,22.9200,20.7667,68091,0.0000,1.0000
2016-09-30,23.3900,23.3900,23.2600,23.3200,21.1291,33904,0.0000,1.0000
2016-09-29,23.3500,23.3500,23.2200,23.2800,21.0928,53059,0.0000,1.0000
2016-09-28,23.3000,23.4700,23.3000,23.3325,21.1404,70504,0.0000,1.0000
2016-09-27,23.1800,23.2500,23.1401,23.2200,21.0385,42772,0.0000,1.0000
2016-09-26,23.1700,23.1700,23.0800,23.1300,20.9569,32806,0.0000,1.0000
2016-09-23,23.1000,23.1700,22.9800,23.1400,20.9660,39178,0.0000,1.0000
2016-09-22,22.8300,23.0700,22.8300,23.0700,20.9026,29830,0.0000,1.0000
2016-09-21,22.8400,22.8400,22.6800,22.7800,20.6398,23546,0.0858,1.0000
2016-09-20,22.9000,22.9000,22.7900,22.8100,20.5894,45455,0.0000,1.0000
2016-09-19,22.7500,22.9000,22.6850,22.9000,20.6706,36716,0.0000,1.0000
2016-09-16,22.8300,22.8300,22.6338,22.6900,20.4811,36994,0.0000,1.0000
2016-09-15,22.7900,22.7900,22.7100,22.7500,20.5352,37603,0.0000,1.0000
2016-09-14,22.4700,22.8299,22.4700,22.7800,20.5623,31963,0.0000,1.0000
2016-09-13,22.8300,22.8300,22.4800,22.5590,20.3628,38144,0.0000,1.0000
2016-09-12,22.7000,22.8100,22.5400,22.6400,20.4360,67791,0.0000,1.0000
2016-09-09,23.0800,23.0800,22.6900,22.7100,20.4991,69738,0.0000,1.0000
2016-09-08,23.1400,23.1700,23.0800,23.1200,20.8692,49994,0.0000,1.0000
2016-09-07,23.1500,23.1600,23.0900,23.1300,20.8783,32947,0.0000,1.0000
2016-09-06,22.9300,23.1400,22.9100,23.1400,20.8873,32165,0.0000,1.0000
2016-09-02,22.9500,22.9500,22.9000,22.9100,20.6797,40979,0.0000,1.0000
2016-09-01,22.9500,22.9500,22.8924,22.9400,20.7068,56087,0.0000,1.0000
2016-08-31,23.1600,23.1600,22.9400,22.9500,20.7158,43511,0.0000,1.0000
2016-08-30,23.0900,23.1800,23.0023,23.1400,20.8873,40583,0.0000,1.0000
2016-08-29,23.0100,23.0650,22.9200,23.0200,20.7790,26035,0.0000,1.0000
2016-08-26,23.0000,23.1600,22.9500,22.9500,20.7158,37243,0.0000,1.0000
2016-08-25,23.2200,23.2800,23.0490,23.1100,20.8602,43360,0.0000,1.0000
2016-08-24,23.3700,23.3700,23.2200,23.2200,20.9595,29957,0.0000,1.0000
2016-08-23,23.4100,23.4200,23.3300,23.3300,21.0588,62855,0.0000,1.0000
2016-08-22,23.3700,23.3800,23.3200,23.3800,21.1039,37041,0.0858,1.0000
2016-08-19,23.3800,23.4200,23.2900,23.3900,21.0357,35751,0.0000,1.0000
2016-08-18,23.3800,23.3800,23.2900,23.3800,21.0267,55946,0.0000,1.0000
2016-08-17,23.2900,23.3500,23.2000,23.3500,20.9997,29837,0.0000,1.0000
2016-08-16,23.3000,23.3000,23.2100,23.2800,20.9368,40742,0.0000,1.0000
2016-08-15,23.2400,23.2900,23.1500,23.2600,20.9188,61480,0.0000,1.0000
2016-08-12,23.0800,23.1600,23.0110,23.1400,20.8109,43797,0.0000,1.0000
2016-08-11,23.1100,23.1100,23.0000,23.0000,20.6850,36616,0.0000,1.0000
2016-08-10,22.9600,23.1000,22.9300,23.0900,20.7659,54531,0.0000,1.0000
2016-08-09,23.1000,23.1000,22.9300,22.9300,20.6220,45007,0.0000,1.0000
2016-08-08,23.0800,23.0800,22.9800,23.0700,20.7479,59353,0.0000,1.0000
2016-08-05,23.1000,23.1000,22.9900,22.9900,20.6760,46203,0.0000,1.0000
2016-08-04,22.9900,23.0800,22.9900,22.9963,20.6816,31705,0.0000,1.0000
2016-08-03,23.0000,23.0500,22.9600,23.0400,20.7209,32638,0.0000,1.0000
2016-08-02,22.9000,22.9900,22.7815,22.9900,20.6760,44526,0.0000,1.0000
2016-08-01,23.0400,23.0400,22.9100,22.9300,20.6220,31349,0.0000,1.0000
2016-07-29,23.0400,23.0900,22.9700,22.9700,20.6580,46237,0.0000,1.0000
2016-07-28,23.1100,23.1100,22.9700,22.9900,20.6760,29662,0.0000,1.0000
2016-07-27,23.0700,23.1000,22.9800,22.9900,20.6760,30732,0.0000,1.0000
2016-07-26,23.0700,23.0700,22.9700,23.0300,20.7120,66961,0.0000,1.0000
2016-07-25,23.1400,23.1400,22.9601,22.9800,20.6670,23945,0.0000,1.0000
2016-07-22,23.0800,23.1099,23.0500,23.0600,20.7389,30290,0.0000,1.0000
2016-07-21,23.1900,23.2700,23.1250,23.1500,20.8199,77308,0.0000,1.0000
2016-07-20,23.1800,23.1900,23.0800,23.1700,20.8379,45304,0.0858,1.0000
2016-07-19,23.1300,23.1800,22.9700,23.1500,20.7430,45856,0.0000,1.0000
2016-07-18,22.8500,23.0100,22.8500,23.0000,20.6086,44663,0.0000,1.0000
2016-07-15,22.4800,22.7600,22.4752,22.7400,20.3757,29071,0.0000,1.0000
2016-07-14,22.8000,22.8200,22.3700,22.4500,20.1158,65039,0.0000,1.0000
2016-07-13,22.9000,22.9200,22.6100,22.8100,20.4384,56645,0.0000,1.0000
2016-07-12,23.0500,23.1000,22.8900,22.9073,20.5256,63724,0.0000,1.0000
2016-07-11,23.4000,23.4000,23.0700,23.0800,20.6803,56613,0.0000,1.0000
2016-07-08,23.3800,23.3900,23.2000,23.2100,20.7968,45303,0.0000,1.0000
2016-07-07,23.1300,23.3094,23.0900,23.2300,20.8147,58387,0.0000,1.0000
2016-07-06,23.0100,23.2200,22.9200,23.1300,20.7251,53609,0.0000,1.0000
2016-07-05,23.0300,23.1400,22.9000,22.9600,20.5728,59958,0.0000,1.0000
2016-07-01,23.1400,23.2800,23.0700,23.1900,20.7789,51000,0.0000,1.0000
2016-06-30,23.0300,23.1300,22.9700,23.0400,20.6445,70353,0.0000,1.0000
2016-06-29,22.9400,23.0100,22.9100,23.0000,20.6086,33708,0.0000,1.0000
2016-06-28,23.1400,23.3000,22.8200,22.9000,20.5190,159442,0.0000,1.0000
2016-06-27,23.2400,23.3000,23.1100,23.1700,20.7609,40028,0.0000,1.0000
2016-06-24,22.9000,23.2000,22.9000,23.2000,20.7878,45910,0.0000,1.0000
2016-06-23,22.9800,23.1000,22.9201,22.9400,20.5549,51884,0.0000,1.0000
2016-06-22,23.1000,23.1000,23.0000,23.0200,20.6265,30220,0.0000,1.0000
2016-06-21,22.9200,23.1100,22.9200,23.1100,20.7072,39153,0.0858,1.0000
2016-06-20,23.0100,23.0400,22.9200,22.9800,20.5145,63575,0.0000,1.0000
2016-06-17,23.0800,23.0800,22.9600,23.0100,20.5413,22091,0.0000,1.0000
2016-06-16,23.0900,23.1100,23.0200,23.0800,20.6038,61496,0.0000,1.0000
2016-06-15,23.0200,23.1100,22.9800,23.0800,20.6038,35773,0.0000,1.0000
2016-06-14,22.9600,23.0200,22.9500,23.0200,20.5502,27775,0.0000,1.0000
2016-06-13,22.9700,22.9700,22.9100,22.9600,20.4967,20186,0.0000,1.0000
2016-06-10,22.9500,22.9500,22.9000,22.9500,20.4877,26192,0.0000,1.0000
2016-06-09,22.9300,22.9500,22.8900,22.9200,20.4609,19279,0.0000,1.0000
2016-06-08,22.9400,22.9400,22.8700,22.9100,20.4520,46224,0.0000,1.0000
2016-06-07,22.9300,22.9600,22.9000,22.9600,20.4967,29488,0.0000,1.0000
2016-06-06,22.9500,22.9500,22.8600,22.8700,20.4163,72823,0.0000,1.0000
2016-06-03,22.8800,22.9500,22.8501,22.9500,20.4877,50956,0.0000,1.0000
2016-06-02,22.8000,22.8600,22.7707,22.8100,20.3627,65256,0.0000,1.0000
2016-06-01,22.6600,22.8400,22.6200,22.8400,20.3895,55661,0.0000,1.0000
2016-05-31,22.6500,22.6500,22.4300,22.5900,20.1664,58905,0.0000,1.0000
2016-05-27,22.5700,22.6400,22.4750,22.6400,20.2110,41187,0.0000,1.0000
2016-05-26,22.3900,22.5400,22.3900,22.5400,20.1217,33277,0.0000,1.0000
2016-05-25,22.3100,22.4100,22.3000,22.3600,19.9610,108703,0.0000,1.0000
2016-05-24,22.5800,22.5800,22.3200,22.4380,20.0307,57064,0.0000,1.0000
2016-05-23,22.4400,22.5950,22.4400,22.4901,20.0772,47081,0.0000,1.0000
2016-05-20,22.5200,22.5500,22.4100,22.4500,20.0414,28947,0.0858,1.0000
2016-05-19,22.5900,22.6400,22.4600,22.5900,20.0895,69224,0.0000,1.0000
2016-05-18,22.8000,22.8400,22.6500,22.6600,20.1518,52550,0.0000,1.0000
2016-05-17,22.8100,22.8100,22.7200,22.7700,20.2496,28185,0.0000,1.0000
2016-05-16,22.7100,22.8100,22.7100,22.8100,20.2852,33517,0.0000,1.0000
2016-05-13,22.6700,22.8000,22.6700,22.7800,20.2585,24863,0.0000,1.0000
2016-05-12,22.7500,22.7900,22.6400,22.7900,20.2674,38177,0.0000,1.0000
2016-05-11,22.6800,22.7200,22.6100,22.7200,20.2052,41444,0.0000,1.0000
2016-05-10,22.5300,22.6500,22.5300,22.5900,20.0895,36695,0.0000,1.0000
2016-05-09,22.5000,22.6200,22.5000,22.5850,20.0851,30701,0.0000,1.0000
2016-05-06,22.4000,22.5325,22.4000,22.5325,20.0384,21828,0.0000,1.0000
2016-05-05,22.3000,22.4400,22.3000,22.4300,19.9473,29042,0.0000,1.0000
2016-05-04,22.3000,22.3200,22.2400,22.3200,19.8494,33935,0.0000,1.0000
2016-05-03,22.1700,22.3000,22.1600,22.2800,19.8139,73832,0.0000,1.0000
2016-05-02,22.7400,22.7600,22.0800,22.1400,19.6894,149459,0.0000,1.0000
2016-04-29,22.6700,22.7400,22.5800,22.7400,20.2229,21769,0.0000,1.0000
2016-04-28,22.6900,22.6999,22.5700,22.5700,20.0718,26726,0.0000,1.0000
2016-04-27,22.6200,22.7100,22.6200,22.7000,20.1874,27485,0.0000,1.0000
2016-04-26,22.6700,22.7200,22.6200,22.6900,20.1785,31111,0.0000,1.0000
2016-04-25,22.5800,22.7100,22.5300,22.6500,20.1429,43385,0.0000,1.0000
2016-04-22,22.6100,22.6800,22.5900,22.6800,20.1696,19423,0.0000,1.0000
2016-04-21,22.6500,22.6999,22.5900,22.5900,20.0895,19989,0.0000,1.0000
2016-04-20,22.6200,22.7300,22.6100,22.6600,20.1518,39316,0.0858,1.0000
2016-04-19,22.6200,22.6900,22.6100,22.6900,20.1023,16824,0.0000,1.0000
2016-04-18,22.5300,22.7100,22.5300,22.6500,20.0669,39554,0.0000,1.0000
2016-04-15,22.5500,22.6400,22.5100,22.6400,20.0580,17950,0.0000,1.0000
2016-04-14,22.5300,22.5400,22.4600,22.5400,19.9694,34658,0.0000,1.0000
2016-04-13,22.5900,22.5900,22.4200,22.4500,19.8897,31912,0.0000,1.0000
2016-04-12,22.5600,22.6300,22.5100,22.6299,20.0491,24773,0.0000,1.0000
2016-04-11,22.5300,22.5600,22.4200,22.4800,19.9163,33917,0.0000,1.0000
2016-04-08,22.6600,22.6600,22.4600,22.4700,19.9074,27840,0.0000,1.0000
2016-04-07,22.6300,22.6500,22.5350,22.6300,20.0492,46859,0.0000,1.0000
2016-04-06,22.6600,22.6600,22.5700,22.6400,20.0580,84761,0.0000,1.0000
2016-04-05,22.4600,22.5700,22.4200,22.5700,19.9960,50503,0.0000,1.0000
2016-04-04,22.4300,22.4500,22.3100,22.4500,19.8897,64303,0.0000,1.0000
2016-04-01,22.4100,22.4500,22.3600,22.4500,19.8897,45119,0.0000,1.0000
2016-03-31,22.2300,22.4000,22.2300,22.3100,19.7657,51717,0.0000,1.0000
2016-03-30,22.3100,22.3699,22.1800,22.3000,19.7568,53329,0.0000,1.0000
2016-03-29,22.4000,22.4000,22.2500,22.2600,19.7214,40404,0.0000,1.0000
2016-03-28,22.3700,22.3900,22.3100,22.3899,19.8365,22877,0.0000,1.0000
2016-03-24,22.3600,22.3700,22.2600,22.2900,19.7479,30358,0.0000,1.0000
2016-03-23,22.2900,22.3600,22.2400,22.3000,19.7568,31170,0.0000,1.0000
2016-03-22,22.1500,22.3200,22.1500,22.3200,19.7745,33160,0.0858,1.0000
2016-03-21,22.1900,22.2400,22.1500,22.1700,19.5664,42038,0.0000,1.0000
2016-03-18,22.3000,22.3013,22.1700,22.1700,19.5664,26820,0.0000,1.0000
2016-03-17,22.3000,22.3700,22.2745,22.3100,19.6899,35097,0.0000,1.0000
2016-03-16,22.2500,22.2900,22.1700,22.2500,19.6370,19095,0.0000,1.0000
2016-03-15,22.2800,22.2800,22.1100,22.2700,19.6546,18267,0.0000,1.0000
2016-03-14,22.2400,22.2680,22.1200,22.2600,19.6458,20060,0.0000,1.0000
2016-03-11,22.2500,22.2700,22.1600,22.2100,19.6017,45778,0.0000,1.0000
2016-03-10,22.0422,22.1800,22.0100,22.1800,19.5752,35333,0.0000,1.0000
2016-03-09,22.0100,22.1300,22.0000,22.0200,19.4340,28061,0.0000,1.0000
2016-03-08,22.1700,22.1790,22.0100,22.0500,19.4605,62396,0.0000,1.0000
2016-03-07,22.1000,22.1600,21.9900,22.1400,19.5399,59450,0.0000,1.0000
2016-03-04,22.0000,22.1600,21.9500,22.0600,19.4693,39694,0.0000,1.0000
2016-03-03,22.0600,22.0700,21.9500,22.0300,19.4428,47558,0.0000,1.0000
2016-03-02,22.0400,22.0600,21.9200,22.0500,19.4605,34168,0.0000,1.0000
2016-03-01,22.0500,22.0600,21.9400,22.0100,19.4252,60851,0.0000,1.0000
2016-02-29,22.0000,22.0100,21.9300,21.9800,19.3987,32711,0.0000,1.0000
2016-02-26,21.9500,22.0000,21.9400,21.9400,19.3634,101907,0.0000,1.0000
2016-02-25,21.9000,21.9781,21.9000,21.9500,19.3722,30250,0.0000,1.0000
2016-02-24,21.8600,21.9500,21.8500,21.9000,19.3281,68864,0.0000,1.0000
2016-02-23,21.8200,21.9000,21.8000,21.9000,19.3281,52709,0.0000,1.0000
2016-02-22,21.9000,21.9000,21.7200,21.7700,19.2134,33231,0.0000,1.0000
2016-02-19,21.7500,21.8900,21.6500,21.8900,19.3193,37314,0.0000,1.0000
2016-02-18,21.7100,21.7400,21.6400,21.6900,19.1428,63365,0.0858,1.0000
2016-02-17,21.7200,21.8100,21.7100,21.8000,19.1640,29781,0.0000,1.0000
2016-02-16,21.8000,21.8300,21.7200,21.8250,19.1860,64845,0.0000,1.0000
2016-02-12,21.8900,21.9400,21.8100,21.8100,19.1728,44722,0.0000,1.0000
2016-02-11,21.9900,21.9900,21.8700,21.9300,19.2783,23357,0.0000,1.0000
2016-02-10,21.8200,21.9400,21.8200,21.9400,19.2871,29447,0.0000,1.0000
2016-02-09,21.8600,22.0200,21.8500,21.9100,19.2607,60666,0.0000,1.0000
2016-02-08,21.8700,22.0100,21.8700,22.0100,19.3486,56853,0.0000,1.0000
2016-02-05,21.9400,21.9500,21.8800,21.9400,19.2871,49096,0.0000,1.0000
2016-02-04,21.9000,21.9300,21.8500,21.9300,19.2783,32412,0.0000,1.0000
2016-02-03,21.8400,21.8900,21.7800,21.8900,19.2431,53736,0.0000,1.0000
2016-02-02,21.7500,21.8200,21.7500,21.7900,19.1552,26671,0.0000,1.0000
2016-02-01,21.7500,21.7800,21.7300,21.7800,19.1464,35911,0.0000,1.0000
2016-01-29,21.6800,21.7400,21.6800,21.7400,19.1113,33381,0.0000,1.0000
2016-01-28,21.6300,21.6800,21.5400,21.6800,19.0585,32323,0.0000,1.0000
2016-01-27,21.4500,21.5715,21.4500,21.5200,18.9179,17889,0.0000,1.0000
2016-01-26,21.5900,21.5900,21.4500,21.5500,18.9442,52070,0.0000,1.0000
2016-01-25,21.5300,21.5400,21.4800,21.5000,18.9003,45746,0.0000,1.0000
2016-01-22,21.4400,21.5400,21.4300,21.5299,18.9266,29430,0.0000,1.0000
2016-01-21,21.3700,21.4600,21.2800,21.4100,18.8212,39809,0.0000,1.0000
2016-01-20,21.4100,21.5700,21.2700,21.3500,18.7684,88350,0.0858,1.0000
2016-01-19,21.6400,21.6800,21.4700,21.4800,18.8071,33000,0.0000,1.0000
2016-01-15,21.5400,21.6200,21.5000,21.5400,18.8596,21244,0.0000,1.0000
2016-01-14,21.6300,21.6300,21.4400,21.5300,18.8509,36763,0.0000,1.0000
2016-01-13,21.5600,21.6100,21.4700,21.5000,18.8246,56386,0.0000,1.0000
2016-01-12,21.6100,21.6100,21.5300,21.5800,18.8946,26416,0.0000,1.0000
2016-01-11,21.6200,21.6200,21.4400,21.5300,18.8509,33258,0.0000,1.0000
2016-01-08,21.6300,21.6300,21.4900,21.5700,18.8859,26648,0.0000,1.0000
2016-01-07,21.7200,21.7300,21.5400,21.5700,18.8859,42755,0.0000,1.0000
2016-01-06,21.5800,21.7400,21.5250,21.6500,18.9559,68378,0.0000,1.0000
2016-01-05,21.5600,21.6000,21.4900,21.5900,18.9034,27704,0.0000,1.0000
2016-01-04,21.3800,21.5300,21.3800,21.5200,18.8421,72160,0.0000,1.0000
2015-12-31,21.5000,21.5800,21.4000,21.4300,18.7633,41805,0.0000,1.0000
2015-12-30,21.4000,21.4300,21.3400,21.4300,18.7633,46773,0.0000,1.0000
2015-12-29,21.4400,21.4400,21.3000,21.3200,18.6670,38585,0.0000,1.0000
2015-12-28,21.1900,21.4800,21.1900,21.4500,18.7808,37823,0.0000,1.0000
2015-12-24,21.5000,21.5000,21.2800,21.3100,18.6582,51881,0.0000,1.0000
2015-12-23,21.5100,21.6600,21.4100,21.4200,18.7546,79863,0.0000,1.0000
2015-12-22,21.6600,21.7300,21.5500,21.7000,18.9997,45785,0.0049,1.0000
2015-12-21,21.7800,21.7800,21.5601,21.6100,18.9166,46537,0.0858,1.0000
2015-12-18,21.6500,21.7100,21.5640,21.6612,18.8864,31496,0.0000,1.0000
2015-12-17,21.2800,21.6600,21.2800,21.6400,18.8680,24397,0.0000,1.0000
2015-12-16,21.1300,21.3600,21.1300,21.3600,18.6238,40364,0.0000,1.0000
2015-12-15,21.0700,21.3400,21.0040,21.2900,18.5628,50756,0.0000,1.0000
2015-12-14,21.5900,21.5900,21.0600,21.1000,18.3971,34895,0.0000,1.0000
2015-12-11,21.4800,21.7000,21.4700,21.6900,18.9115,30236,0.0000,1.0000
2015-12-10,21.5100,21.5400,21.3500,21.4900,18.7372,30794,0.0000,1.0000
2015-12-09,21.5200,21.6000,21.5100,21.5300,18.7720,24141,0.0000,1.0000
2015-12-08,21.4700,21.6100,21.3500,21.5900,18.8244,18270,0.0000,1.0000
2015-12-07,21.3200,21.4400,21.3000,21.3900,18.6500,11769,0.0000,1.0000
2015-12-04,21.2700,21.4800,21.2700,21.3100,18.5802,30690,0.0000,1.0000
2015-12-03,21.4100,21.4100,21.3020,21.3100,18.5802,27363,0.0000,1.0000
2015-12-02,21.3700,21.5300,21.2880,21.4799,18.7284,54331,0.0000,1.0000
2015-12-01,21.6300,21.6375,21.4000,21.4400,18.6936,49171,0.0000,1.0000
2015-11-30,21.5300,21.5600,21.4000,21.5100,18.7546,34902,0.0000,1.0000
2015-11-27,21.5200,21.5200,21.3830,21.4300,18.6849,5778,0.0000,1.0000
2015-11-25,21.2800,21.4400,21.2800,21.4300,18.6849,16983,0.0000,1.0000
2015-11-24,21.3200,21.3900,21.2600,21.3000,18.5715,26140,0.0000,1.0000
2015-11-23,21.3400,21.4200,21.2800,21.4200,18.6761,24297,0.0000,1.0000
2015-11-20,21.3100,21.3700,21.2600,21.2711,18.5463,23201,0.0000,1.0000
2015-11-19,21.1500,21.2600,21.0590,21.2600,18.5366,37072,0.0858,1.0000
2015-11-18,21.1300,21.1500,21.0400,21.1500,18.3666,24016,0.0000,1.0000
2015-11-17,20.9700,21.1400,20.9700,21.1000,18.3232,28562,0.0000,1.0000
2015-11-16,21.1000,21.1000,21.0411,21.0715,18.2984,11387,0.0000,1.0000
2015-11-13,20.8700,21.0500,20.7800,21.0500,18.2797,30035,0.0000,1.0000
2015-11-12,20.7800,20.8532,20.7500,20.7700,18.0366,30632,0.0000,1.0000
2015-11-11,20.9500,20.9500,20.7300,20.7800,18.0453,19106,0.0000,1.0000
2015-11-10,20.8000,20.8900,20.6400,20.8400,18.0974,54227,0.0000,1.0000
2015-11-09,20.9900,20.9900,20.7700,20.7900,18.0539,52477,0.0000,1.0000
2015-11-06,21.2000,21.2100,21.0000,21.0500,18.2797,59585,0.0000,1.0000
2015-11-05,21.3300,21.3600,21.2101,21.2400,18.4447,56142,0.0000,1.0000
2015-11-04,21.4200,21.4200,21.3000,21.3400,18.5316,28787,0.0000,1.0000
2015-11-03,21.3800,21.4000,21.3000,21.3400,18.5316,71357,0.0000,1.0000
2015-11-02,21.3400,21.3700,21.2200,21.3600,18.5489,23305,0.0000,1.0000
2015-10-30,21.3000,21.3100,21.2101,21.2400,18.4447,21170,0.0000,1.0000
2015-10-29,21.2700,21.2780,21.1900,21.2401,18.4448,30506,0.0000,1.0000
2015-10-28,21.2400,21.3200,21.2300,21.3200,18.5142,39652,0.0000,1.0000
2015-10-27,21.2200,21.2500,21.2000,21.2500,18.4534,34516,0.0000,1.0000
2015-10-26,21.2500,21.2500,21.1900,21.2000,18.4100,24754,0.0000,1.0000
2015-10-23,21.1000,21.2500,21.1000,21.2200,18.4274,33226,0.0000,1.0000
2015-10-22,21.1000,21.2300,21.0600,21.0900,18.3145,39986,0.0000,1.0000
2015-10-21,21.2400,21.2400,21.1557,21.2000,18.4100,27694,0.0858,1.0000
2015-10-20,21.2500,21.3200,21.1300,21.2300,18.3617,45837,0.0000,1.0000
2015-10-19,21.1800,21.2678,21.1500,21.1600,18.3012,17823,0.0000,1.0000
2015-10-16,21.1500,21.2100,21.0601,21.2100,18.3444,21531,0.0000,1.0000
2015-10-15,21.1200,21.2300,21.0100,21.0400,18.1974,56989,0.0000,1.0000
2015-10-14,21.3500,21.3600,21.2000,21.2100,18.3444,23243,0.0000,1.0000
2015-10-13,21.2800,21.3500,21.2800,21.3500,18.4655,22165,0.0000,1.0000
2015-10-12,21.1800,21.3700,21.1300,21.3400,18.4568,174108,0.0000,1.0000
2015-10-09,21.0400,21.2500,21.0300,21.1600,18.3012,43599,0.0000,1.0000
2015-10-08,21.0700,21.1000,21.0000,21.1000,18.2493,19262,0.0000,1.0000
2015-10-07,21.0700,21.0700,20.9500,21.0600,18.2147,39057,0.0000,1.0000
2015-10-06,20.8700,21.0600,20.8200,21.0300,18.1887,53666,0.0000,1.0000
2015-10-05,20.7700,20.7900,20.7000,20.7900,17.9811,35753,0.0000,1.0000
2015-10-02,20.7200,20.7800,20.6700,20.7500,17.9466,29204,0.0000,1.0000
2015-10-01,20.7100,20.7553,20.6700,20.7500,17.9466,33568,0.0000,1.0000
2015-09-30,20.7000,20.7300,20.6000,20.7100,17.9120,41991,0.0000,1.0000
2015-09-29,20.6200,20.6500,20.5300,20.6101,17.8256,48017,0.0000,1.0000
2015-09-28,20.6200,20.6300,20.5900,20.6000,17.8168,47612,0.0000,1.0000
2015-09-25,20.5300,20.6000,20.4601,20.5900,17.8082,22222,0.0000,1.0000
2015-09-24,20.4400,20.5300,20.4100,20.4601,17.6958,58603,0.0000,1.0000
2015-09-23,20.4800,20.4968,20.4010,20.4800,17.7130,17560,0.0000,1.0000
2015-09-22,20.3400,20.4800,20.3300,20.4800,17.7130,24579,0.0000,1.0000
2015-09-21,20.4100,20.4200,20.3570,20.3800,17.6265,16076,0.0858,1.0000
2015-09-18,20.2400,20.4600,20.2400,20.4600,17.6215,35924,0.0000,1.0000
2015-09-17,20.2100,20.4100,20.1400,20.4100,17.5785,15352,0.0000,1.0000
2015-09-16,20.1100,20.1800,20.0900,20.1700,17.3717,23384,0.0000,1.0000
2015-09-15,20.1900,20.1900,20.1000,20.1100,17.3201,21415,0.0000,1.0000
2015-09-14,20.2000,20.2299,20.1400,20.1400,17.3459,11091,0.0000,1.0000
2015-09-11,20.2400,20.2600,20.1900,20.2000,17.3976,27390,0.0000,1.0000
2015-09-10,20.2100,20.2400,20.1700,20.2100,17.4062,21522,0.0000,1.0000
2015-09-09,20.1800,20.2300,20.1700,20.2132,17.4090,20801,0.0000,1.0000
2015-09-08,20.2000,20.2300,20.1700,20.1700,17.3717,23041,0.0000,1.0000
2015-09-04,20.2300,20.2800,20.1840,20.1900,17.3890,43224,0.0000,1.0000
2015-09-03,20.2100,20.2390,20.1500,20.2300,17.4234,27888,0.0000,1.0000
2015-09-02,20.1300,20.1800,20.1100,20.1400,17.3459,31471,0.0000,1.0000
2015-09-01,20.1500,20.2500,20.1000,20.1600,17.3631,48153,0.0000,1.0000
2015-08-31,20.1900,20.1900,20.1000,20.1500,17.3545,19656,0.0000,1.0000
2015-08-28,20.0900,20.1900,20.0650,20.1889,17.3880,35993,0.0000,1.0000
2015-08-27,20.0200,20.0899,20.0100,20.0700,17.2856,26343,0.0000,1.0000
2015-08-26,20.2100,20.2400,19.9600,19.9900,17.2167,91518,0.0000,1.0000
2015-08-25,20.1300,20.2599,20.0801,20.1400,17.3459,59632,0.0000,1.0000
2015-08-24,20.0801,20.3000,20.0400,20.1099,17.3200,71189,0.0000,1.0000
2015-08-21,20.4600,20.4600,20.3200,20.3210,17.5018,25934,0.0000,1.0000
2015-08-20,20.3900,20.4500,20.3600,20.4500,17.6129,18130,0.0858,1.0000
2015-08-19,20.4700,20.5700,20.4700,20.5700,17.6422,25115,0.0000,1.0000
2015-08-18,20.5400,20.5600,20.4200,20.5600,17.6336,108811,0.0000,1.0000
2015-08-17,20.4200,20.5400,20.4200,20.5300,17.6079,20482,0.0000,1.0000
2015-08-14,20.4500,20.4500,20.4200,20.4500,17.5393,12515,0.0000,1.0000
2015-08-13,20.4300,20.4400,20.3800,20.4400,17.5307,26835,0.0000,1.0000
2015-08-12,20.3500,20.4300,20.3500,20.4260,17.5187,20663,0.0000,1.0000
2015-08-11,20.2800,20.3900,20.2600,20.3600,17.4621,34712,0.0000,1.0000
2015-08-10,20.3700,20.3700,20.2000,20.2699,17.3848,26365,0.0000,1.0000
2015-08-07,20.2000,20.3400,20.2000,20.3101,17.4193,25189,0.0000,1.0000
2015-08-06,20.2300,20.2700,20.1815,20.2650,17.3806,7425,0.0000,1.0000
2015-08-05,20.2900,20.3100,20.1400,20.2000,17.3249,55954,0.0000,1.0000
2015-08-04,20.4000,20.4000,20.3300,20.3600,17.4621,30200,0.0000,1.0000
2015-08-03,20.4500,20.4500,20.3000,20.3800,17.4792,25349,0.0000,1.0000
2015-07-31,20.3500,20.4300,20.2700,20.4000,17.4964,50265,0.0000,1.0000
2015-07-30,20.2900,20.3200,20.2201,20.2600,17.3763,14842,0.0000,1.0000
2015-07-29,20.2200,20.2800,20.1300,20.2800,17.3935,21612,0.0000,1.0000
2015-07-28,20.1700,20.2100,20.1200,20.1700,17.2991,25795,0.0000,1.0000
2015-07-27,20.0900,20.1400,20.0400,20.1400,17.2734,28405,0.0000,1.0000
2015-07-24,20.1500,20.1500,20.0136,20.0800,17.2219,48565,0.0000,1.0000
2015-07-23,20.0900,20.0900,19.9400,20.0800,17.2219,23012,0.0000,1.0000
2015-07-22,20.0400,20.1099,20.0000,20.0600,17.2048,41171,0.0858,1.0000
2015-07-21,20.2700,20.2800,20.1400,20.1800,17.2340,46253,0.0000,1.0000
2015-07-20,20.3300,20.3699,20.2400,20.2400,17.2852,20145,0.0000,1.0000
2015-07-17,20.4500,20.4500,20.2400,20.3000,17.3365,67358,0.0000,1.0000
2015-07-16,20.3600,20.4400,20.3600,20.4300,17.4475,13977,0.0000,1.0000
2015-07-15,20.3700,20.4299,20.3600,20.3800,17.4048,13535,0.0000,1.0000
2015-07-14,20.3400,20.4400,20.3200,20.4200,17.4389,39903,0.0000,1.0000
2015-07-13,20.3600,20.4700,20.3500,20.4600,17.4731,27376,0.0000,1.0000
2015-07-10,20.4700,20.4700,20.3100,20.4250,17.4432,30509,0.0000,1.0000
2015-07-09,20.5700,20.5700,20.4300,20.4600,17.4731,33501,0.0000,1.0000
2015-07-08,20.6100,20.6200,20.5000,20.5100,17.5158,28191,0.0000,1.0000
2015-07-07,20.4400,20.6200,20.4050,20.5000,17.5073,45344,0.0000,1.0000
2015-07-06,20.3600,20.3700,20.2800,20.3300,17.3621,22787,0.0000,1.0000
2015-07-02,20.2400,20.3200,20.1700,20.2900,17.3279,41773,0.0000,1.0000
2015-07-01,20.2900,20.3000,20.2100,20.2900,17.3279,44871,0.0000,1.0000
2015-06-30,20.3300,20.4200,20.1100,20.1800,17.2340,119441,0.0000,1.0000
2015-06-29,20.6300,20.6300,20.3590,20.4000,17.4219,54817,0.0000,1.0000
2015-06-26,20.7400,20.7400,20.5600,20.6200,17.6097,59105,0.0000,1.0000
2015-06-25,20.9000,20.9000,20.7300,20.7840,17.7498,29590,0.0000,1.0000
2015-06-24,20.8900,20.9200,20.8101,20.8400,17.7976,27005,0.0000,1.0000
2015-06-23,20.9200,21.0099,20.7900,20.8500,17.8062,49092,0.0000,1.0000
2015-06-22,20.9400,21.0300,20.9200,20.9800,17.9172,45976,0.0000,1.0000
2015-06-19,20.8700,20.9900,20.8600,20.9900,17.9257,18219,0.0858,1.0000
2015-06-18,20.8300,20.9700,20.8300,20.9500,17.8187,14562,0.0000,1.0000
2015-06-17,20.7800,20.9200,20.7400,20.8800,17.7592,25146,0.0000,1.0000
2015-06-16,20.6700,20.8350,20.6700,20.8200,17.7081,27757,0.0000,1.0000
2015-06-15,20.6200,20.7100,20.6200,20.7100,17.6146,26967,0.0000,1.0000
2015-06-12,20.4800,20.6600,20.4800,20.6200,17.5380,20655,0.0000,1.0000
2015-06-11,20.5400,20.5600,20.4800,20.5500,17.4785,25009,0.0000,1.0000
2015-06-10,20.3800,20.5200,20.3700,20.4300,17.3764,43993,0.0000,1.0000
2015-06-09,20.5100,20.5207,20.3300,20.3900,17.3424,63594,0.0000,1.0000
2015-06-08,20.6100,20.6500,20.5300,20.5600,17.4870,26792,0.0000,1.0000
2015-06-05,20.6600,20.7000,20.6100,20.6400,17.5550,29443,0.0000,1.0000
2015-06-04,20.7800,20.8000,20.7300,20.7700,17.6656,27881,0.0000,1.0000
2015-06-03,20.7800,20.8000,20.7300,20.7500,17.6486,38139,0.0000,1.0000
2015-06-02,21.0100,21.0400,20.8300,20.8300,17.7166,34639,0.0000,1.0000
2015-06-01,20.9900,21.0700,20.8500,21.0600,17.9123,50308,0.0000,1.0000
2015-05-29,20.8300,20.9400,20.7700,20.8800,17.7592,24114,0.0000,1.0000
2015-05-28,20.7500,20.8100,20.6600,20.7700,17.6656,25977,0.0000,1.0000
2015-05-27,20.7700,20.7800,20.6800,20.7200,17.6231,49769,0.0000,1.0000
2015-05-26,20.7000,20.7400,20.6314,20.7400,17.6401,26461,0.0000,1.0000
2015-05-22,20.6100,20.7300,20.5999,20.6900,17.5976,28571,0.0000,1.0000
2015-05-21,20.6600,20.7570,20.6332,20.6400,17.5550,29756,0.0000,1.0000
2015-05-20,20.7600,20.7600,20.6500,20.6800,17.5891,36241,0.0858,1.0000
2015-05-19,20.7600,20.8500,20.7200,20.8000,17.6180,34181,0.0000,1.0000
2015-05-18,20.9500,20.9500,20.7665,20.8000,17.6180,58072,0.0000,1.0000
2015-05-15,20.8000,20.9300,20.8000,20.9300,17.7281,25800,0.0000,1.0000
2015-05-14,20.5900,20.7900,20.5900,20.7800,17.6011,27556,0.0000,1.0000
2015-05-13,20.6100,20.7100,20.5800,20.5800,17.4316,30850,0.0000,1.0000
2015-05-12,20.6500,20.6850,20.5900,20.6100,17.4571,26263,0.0000,1.0000
2015-05-11,20.6900,20.7720,20.6800,20.7066,17.5389,18122,0.0000,1.0000
2015-05-08,20.7500,20.8100,20.7000,20.7500,17.5756,38825,0.0000,1.0000
2015-05-07,20.6900,20.7599,20.6501,20.7500,17.5756,27669,0.0000,1.0000
2015-05-06,20.9600,20.9600,20.7100,20.7100,17.5418,41793,0.0000,1.0000
2015-05-05,21.0100,21.0300,20.9200,21.0200,17.8043,22922,0.0000,1.0000
2015-05-04,21.0100,21.0200,20.9600,20.9600,17.7535,35380,0.0000,1.0000
2015-05-01,21.0800,21.1100,20.9600,20.9600,17.7535,56403,0.0000,1.0000
2015-04-30,21.1600,21.1600,21.0900,21.1301,17.8976,26099,0.0000,1.0000
2015-04-29,21.1800,21.1800,21.1300,21.1600,17.9229,47033,0.0000,1.0000
2015-04-28,21.2300,21.2600,21.1900,21.2000,17.9568,47006,0.0000,1.0000
2015-04-27,21.2700,21.2800,21.2100,21.2400,17.9907,42980,0.0000,1.0000
2015-04-24,21.3200,21.3200,21.2600,21.2600,18.0076,25942,0.0000,1.0000
2015-04-23,21.3200,21.3600,21.3000,21.3100,18.0500,39649,0.0000,1.0000
2015-04-22,21.3800,21.3800,21.3100,21.3100,18.0500,33721,0.0000,1.0000
2015-04-21,21.4300,21.4300,21.3500,21.3800,18.1093,32868,0.0858,1.0000
2015-04-20,21.4800,21.5700,21.4201,21.4499,18.0958,29727,0.0000,1.0000
2015-04-17,21.4300,21.5100,21.4300,21.4600,18.1043,30442,0.0000,1.0000
2015-04-16,21.4900,21.4900,21.3700,21.4600,18.1043,23203,0.0000,1.0000
2015-04-15,21.4500,21.5006,21.3800,21.4600,18.1043,27678,0.0000,1.0000
2015-04-14,21.2900,21.4500,21.2900,21.4500,18.0959,26619,0.0000,1.0000
2015-04-13,21.2900,21.3307,21.2700,21.2800,17.9525,15645,0.0000,1.0000
2015-04-10,21.2700,21.3300,21.2700,21.3300,17.9947,23135,0.0000,1.0000
2015-04-09,21.3300,21.3500,21.2700,21.2700,17.9441,12173,0.0000,1.0000
2015-04-08,21.2800,21.3400,21.2800,21.3200,17.9862,19296,0.0000,1.0000
2015-04-07,21.2500,21.3700,21.2500,21.2900,17.9609,58386,0.0000,1.0000
2015-04-06,21.2200,21.2936,21.1800,21.2900,17.9609,31566,0.0000,1.0000
2015-04-02,21.1700,21.2000,21.1300,21.1700,17.8597,61789,0.0000,1.0000
2015-04-01,21.2800,21.3000,21.2100,21.2700,17.9441,29445,0.0000,1.0000
2015-03-31,21.2400,21.2700,21.1500,21.2000,17.8850,39661,0.0000,1.0000
2015-03-30,21.3000,21.3000,21.1400,21.1800,17.8681,22786,0.0000,1.0000
2015-03-27,21.1900,21.3000,21.1700,21.2600,17.9356,15430,0.0000,1.0000
2015-03-26,21.2800,21.2800,21.1200,21.1500,17.8428,48232,0.0000,1.0000
2015-03-25,21.2900,21.3100,21.2400,21.2600,17.9356,48169,0.0000,1.0000
2015-03-24,21.2300,21.2800,21.1800,21.2800,17.9525,25473,0.0000,1.0000
2015-03-23,21.2300,21.3000,21.2100,21.2400,17.9187,30173,0.0000,1.0000
2015-03-20,21.1700,21.2700,21.1200,21.2500,17.9272,37816,0.0858,1.0000
2015-03-19,21.2100,21.2800,21.1369,21.2100,17.8214,40852,0.0000,1.0000
2015-03-18,20.9800,21.2800,20.9500,21.2600,17.8635,45047,0.0000,1.0000
2015-03-17,21.0700,21.0700,20.8600,20.9500,17.6030,46739,0.0000,1.0000
2015-03-16,21.0100,21.0700,21.0000,21.0400,17.6786,29288,0.0000,1.0000
2015-03-13,20.9700,21.0600,20.9600,21.0324,17.6722,39453,0.0000,1.0000
2015-03-12,21.1500,21.1600,21.0600,21.0907,17.7212,37892,0.0000,1.0000
2015-03-11,21.1800,21.1800,21.0500,21.0500,17.6870,33233,0.0000,1.0000
2015-03-10,21.1500,21.1800,21.1100,21.1800,17.7962,64778,0.0000,1.0000
2015-03-09,21.0700,21.1600,21.0600,21.1500,17.7710,47338,0.0000,1.0000
2015-03-06,21.2200,21.2200,21.0600,21.0900,17.7206,48746,0.0000,1.0000
2015-03-05,21.2800,21.4000,21.2600,21.3500,17.9391,41364,0.0000,1.0000
2015-03-04,21.2000,21.3200,21.2000,21.2600,17.8635,47946,0.0000,1.0000
2015-03-03,21.2400,21.2400,21.1600,21.1900,17.8046,38810,0.0000,1.0000
2015-03-02,21.2700,21.2700,21.1800,21.2100,17.8214,43988,0.0000,1.0000
2015-02-27,21.2300,21.2800,21.1999,21.2500,17.8551,56454,0.0000,1.0000
2015-02-26,21.1700,21.2600,21.0900,21.2100,17.8214,222086,0.0000,1.0000
2015-02-25,21.2600,21.2600,21.1700,21.2000,17.8130,42112,0.0000,1.0000
2015-02-24,21.1000,21.1199,20.9800,21.1053,17.7335,62720,0.0000,1.0000
2015-02-23,21.1100,21.1300,21.0800,21.1000,17.7290,24336,0.0000,1.0000
2015-02-20,20.9800,21.0600,20.9300,21.0600,17.6954,40577,0.0000,1.0000
2015-02-19,20.8500,21.0100,20.8300,20.8800,17.5442,41510,0.0000,1.0000
2015-02-18,20.5900,20.9200,20.5900,20.8600,17.5274,55273,0.0858,1.0000
2015-02-17,21.1000,21.1100,20.6800,20.7100,17.3300,90825,0.0000,1.0000
2015-02-13,21.2300,21.3200,21.1000,21.1000,17.6564,61163,0.0000,1.0000
2015-02-12,21.3200,21.3800,21.2900,21.2900,17.8154,61095,0.0000,1.0000
2015-02-11,21.2900,21.3600,21.2400,21.3200,17.8405,50405,0.0000,1.0000
2015-02-10,21.3000,21.3500,21.2600,21.2600,17.7903,77306,0.0000,1.0000
2015-02-09,21.2800,21.3600,21.2600,21.3000,17.8237,30072,0.0000,1.0000
2015-02-06,21.4800,21.4800,21.3400,21.3600,17.8739,40028,0.0000,1.0000
2015-02-05,21.5300,21.5700,21.4800,21.5187,18.0067,34027,0.0000,1.0000
2015-02-04,21.5900,21.5900,21.4600,21.5600,18.0413,59041,0.0000,1.0000
2015-02-03,21.6400,21.7400,21.6400,21.6400,18.1082,68285,0.0000,1.0000
2015-02-02,21.6200,21.7000,21.5500,21.6900,18.1501,21615,0.0000,1.0000
2015-01-30,21.4600,21.6000,21.4600,21.5800,18.0580,67232,0.0000,1.0000
2015-01-29,21.4100,21.4700,21.3501,21.4700,17.9660,52008,0.0000,1.0000
2015-01-28,21.3800,21.4399,21.3600,21.3600,17.8739,28282,0.0000,1.0000
2015-01-27,21.2900,21.3500,21.2700,21.3500,17.8656,36694,0.0000,1.0000
2015-01-26,21.2200,21.2800,21.1900,21.2400,17.7735,41901,0.0000,1.0000
2015-01-23,21.2400,21.2600,21.1900,21.2400,17.7735,39888,0.0000,1.0000
2015-01-22,21.2400,21.2400,21.1500,21.1600,17.7066,31264,0.0000,1.0000
2015-01-21,21.2300,21.2570,21.1600,21.1800,17.7233,49282,0.0858,1.0000
2015-01-20,21.2300,21.3000,21.1900,21.2100,17.6768,57088,0.0000,1.0000
2015-01-16,21.3500,21.3600,21.1400,21.1804,17.6521,90528,0.0000,1.0000
2015-01-15,21.2500,21.3100,21.1900,21.2400,17.7018,73398,0.0000,1.0000
2015-01-14,21.1900,21.3200,21.1400,21.2000,17.6684,71208,0.0000,1.0000
2015-01-13,21.1900,21.2400,21.1500,21.1500,17.6268,54016,0.0000,1.0000
2015-01-12,21.1500,21.2400,21.1500,21.1900,17.6601,48581,0.0000,1.0000
2015-01-09,21.0500,21.1700,21.0500,21.1500,17.6268,37606,0.0000,1.0000
2015-01-08,21.1000,21.1290,20.9800,21.0700,17.5601,85358,0.0000,1.0000
2015-01-07,21.1100,21.2499,21.0300,21.1400,17.6184,78568,0.0000,1.0000
2015-01-06,21.0700,21.2500,20.9700,21.0100,17.5101,122912,0.0000,1.0000
2015-01-05,20.9700,21.0000,20.8500,21.0000,17.5018,60512,0.0000,1.0000
2015-01-02,21.0100,21.0900,20.9500,20.9900,17.4934,45297,0.0000,1.0000
2014-12-31,21.1100,21.1100,20.9600,21.0000,17.5018,47042,0.0000,1.0000
2014-12-30,21.0600,21.0600,20.9540,21.0400,17.5351,31763,0.0000,1.0000
2014-12-29,21.0300,21.0400,20.9000,20.9900,17.4934,46264,0.0000,1.0000
2014-12-26,21.0000,21.0100,20.9500,21.0100,17.5101,19849,0.0000,1.0000
2014-12-24,20.9300,21.0100,20.8600,21.0000,17.5018,14015,0.0000,1.0000
2014-12-23,21.2000,21.2400,20.8000,20.9100,17.4268,132201,0.0000,1.0000
2014-12-22,20.9700,21.0400,20.9001,21.0300,17.5268,39637,0.0858,1.0000
2014-12-19,20.9600,21.0465,20.9100,21.0100,17.4389,37438,0.0000,1.0000
2014-12-18,21.0800,21.1100,20.9300,20.9400,17.3808,33792,0.0000,1.0000
2014-12-17,20.8700,21.0300,20.8100,21.0300,17.4555,75117,0.0000,1.0000
2014-12-16,20.8600,20.9900,20.8600,20.9000,17.3476,81818,0.0000,1.0000
2014-12-15,20.9300,21.0000,20.8300,20.8600,17.3144,57800,0.0000,1.0000
2014-12-12,20.5800,20.9200,20.5765,20.8700,17.3227,84567,0.0000,1.0000
2014-12-11,20.5500,20.6000,20.5100,20.5600,17.0654,49210,0.0000,1.0000
2014-12-10,20.4500,20.5899,20.4340,20.5400,17.0488,62863,0.0000,1.0000
2014-12-09,20.3300,20.4600,20.3000,20.4300,16.9575,75546,0.0000,1.0000
2014-12-08,20.2600,20.3400,20.2100,20.3300,16.8745,49414,0.0000,1.0000
2014-12-05,20.3000,20.3200,20.2100,20.2100,16.7749,54671,0.0000,1.0000
2014-12-04,20.3800,20.4499,20.2900,20.2900,16.8413,52246,0.0000,1.0000
2014-12-03,20.3500,20.3900,20.3200,20.3730,16.9102,20039,0.0000,1.0000
2014-12-02,20.2600,20.3299,20.2600,20.3000,16.8496,37436,0.0000,1.0000
2014-12-01,20.3500,20.3756,20.2700,20.3100,16.8579,26810,0.0000,1.0000
2014-11-28,20.3200,20.3400,20.2900,20.3000,16.8496,23988,0.0000,1.0000
2014-11-26,20.2100,20.3300,20.2000,20.2600,16.8164,31006,0.0000,1.0000
2014-11-25,20.2600,20.2700,20.2000,20.2200,16.7832,31071,0.0000,1.0000
2014-11-24,20.2500,20.2900,20.1700,20.2700,16.8247,40994,0.0000,1.0000
2014-11-21,20.3500,20.4000,20.2400,20.2400,16.7998,49044,0.0000,1.0000
2014-11-20,20.3400,20.4000,20.2900,20.3500,16.8911,54989,0.0000,1.0000
2014-11-19,20.2800,20.3696,20.2300,20.3000,16.8496,68957,0.0858,1.0000
2014-11-18,20.2800,20.3600,20.2600,20.3200,16.7952,66161,0.0000,1.0000
2014-11-17,20.3800,20.3800,20.2100,20.2700,16.7539,86074,0.0000,1.0000
2014-11-14,20.3300,20.3800,20.2700,20.3300,16.8035,49950,0.0000,1.0000
2014-11-13,20.2900,20.3300,20.2600,20.3300,16.8035,42071,0.0000,1.0000
2014-11-12,20.2400,20.3300,20.2201,20.2800,16.7621,75666,0.0000,1.0000
2014-11-11,20.2000,20.2200,20.1600,20.2100,16.7043,55799,0.0000,1.0000
2014-11-10,20.2600,20.2600,20.2000,20.2200,16.7125,11319,0.0000,1.0000
2014-11-07,20.1400,20.2699,20.1400,20.2500,16.7373,83428,0.0000,1.0000
2014-11-06,20.1800,20.1900,20.1700,20.1900,16.6877,30682,0.0000,1.0000
2014-11-05,20.2100,20.2100,20.1800,20.1900,16.6877,46608,0.0000,1.0000
2014-11-04,20.1400,20.2200,20.1400,20.1800,16.6795,20388,0.0000,1.0000
2014-11-03,20.2300,20.2300,20.1400,20.1400,16.6464,31662,0.0000,1.0000
2014-10-31,20.2500,20.2500,20.1400,20.1800,16.6795,43318,0.0000,1.0000
2014-10-30,20.1700,20.2200,20.1500,20.1500,16.6547,62129,0.0000,1.0000
2014-10-29,20.2200,20.2300,20.1700,20.1800,16.6795,31498,0.0000,1.0000
2014-10-28,20.1800,20.1900,20.1200,20.1500,16.6547,91494,0.0000,1.0000
2014-10-27,20.1800,20.1800,20.0900,20.1200,16.6299,103354,0.0000,1.0000
2014-10-24,20.2000,20.2000,20.0900,20.0900,16.6051,49576,0.0000,1.0000
2014-10-23,20.2500,20.2500,20.1200,20.1200,16.6299,53059,0.0000,1.0000
2014-10-22,20.2100,20.2500,20.1500,20.1600,16.6629,40717,0.0858,1.0000
2014-10-21,20.3000,20.3000,20.2000,20.2500,16.6664,53150,0.0000,1.0000
2014-10-20,20.3500,20.3500,20.2500,20.2600,16.6746,79306,0.0000,1.0000
2014-10-17,20.2000,20.3200,20.2000,20.2700,16.6828,64120,0.0000,1.0000
2014-10-16,20.2300,20.3400,20.2000,20.3000,16.7075,39266,0.0000,1.0000
2014-10-15,20.0900,20.2900,20.0900,20.2300,16.6499,45451,0.0000,1.0000
2014-10-14,20.1000,20.1700,20.0900,20.1300,16.5676,24093,0.0000,1.0000
2014-10-13,20.1000,20.2200,20.0600,20.1500,16.5841,20556,0.0000,1.0000
2014-10-10,20.1600,20.2100,20.1200,20.1500,16.5841,15813,0.0000,1.0000
2014-10-09,20.3000,20.3000,20.1800,20.1800,16.6088,21227,0.0000,1.0000
2014-10-08,20.0800,20.2700,20.0800,20.2700,16.6828,18995,0.0000,1.0000
2014-10-07,20.0600,20.1400,20.0600,20.1300,16.5676,41962,0.0000,1.0000
2014-10-06,20.0100,20.0500,19.9800,19.9900,16.4524,41504,0.0000,1.0000
2014-10-03,19.9200,19.9500,19.8900,19.9300,16.4030,35846,0.0000,1.0000
2014-10-02,19.9700,19.9700,19.8900,19.9200,16.3948,64915,0.0000,1.0000
2014-10-01,19.9600,20.0600,19.9300,19.9900,16.4524,62001,0.0000,1.0000
2014-09-30,19.9700,19.9900,19.9000,19.9300,16.4030,46279,0.0000,1.0000
2014-09-29,19.9300,19.9500,19.8800,19.9000,16.3783,42340,0.0000,1.0000
2014-09-26,19.9500,19.9500,19.8500,19.8500,16.3372,34665,0.0000,1.0000
2014-09-25,20.0000,20.0000,19.9000,19.9200,16.3948,30667,0.0000,1.0000
2014-09-24,19.9600,20.0600,19.9300,19.9300,16.4030,29401,0.0000,1.0000
2014-09-23,20.0600,20.0600,19.9500,19.9700,16.4359,34480,0.0000,1.0000
2014-09-22,20.0000,20.0500,19.9550,20.0100,16.4688,18776,0.0000,1.0000
2014-09-19,20.0000,20.0100,19.9300,20.0100,16.4688,12797,0.0858,1.0000
2014-09-18,19.9800,20.0700,19.9701,20.0100,16.3985,65819,0.0000,1.0000
2014-09-17,19.8400,20.0000,19.8400,19.9300,16.3329,31293,0.0000,1.0000
2014-09-16,19.8800,19.9899,19.8800,19.9101,16.3166,50540,0.0000,1.0000
2014-09-15,20.0600,20.0600,19.9000,19.9000,16.3084,46495,0.0000,1.0000
2014-09-12,20.0200,20.0500,20.0000,20.0000,16.3903,35312,0.0000,1.0000
2014-09-11,20.1700,20.1700,20.0500,20.0500,16.4313,53654,0.0000,1.0000
2014-09-10,20.0900,20.1400,20.0600,20.1000,16.4723,41836,0.0000,1.0000
2014-09-09,20.1800,20.1800,20.0700,20.1300,16.4968,47248,0.0000,1.0000
2014-09-08,20.1500,20.2090,20.1100,20.1500,16.5132,46654,0.0000,1.0000
2014-09-05,20.1500,20.2500,20.1500,20.1800,16.5378,38112,0.0000,1.0000
2014-09-04,20.2100,20.2500,20.1700,20.2100,16.5624,51525,0.0000,1.0000
2014-09-03,20.1900,20.2400,20.1200,20.1400,16.5050,73049,0.0000,1.0000
2014-09-02,20.3800,20.3800,20.1400,20.1400,16.5050,44705,0.0000,1.0000
2014-08-29,20.3900,20.4320,20.2972,20.3000,16.6362,51937,0.0000,1.0000
2014-08-28,20.3200,20.3600,20.2600,20.3000,16.6362,37270,0.0000,1.0000
2014-08-27,20.2200,20.3000,20.2200,20.2900,16.6280,35398,0.0000,1.0000
2014-08-26,20.1800,20.3000,20.1100,20.2300,16.5788,49063,0.0000,1.0000
2014-08-25,20.1100,20.1500,20.1000,20.1400,16.5050,38666,0.0000,1.0000
2014-08-22,20.1600,20.1600,20.0100,20.1100,16.4805,30343,0.0000,1.0000
2014-08-21,20.2000,20.2000,20.0400,20.0500,16.4313,46536,0.0000,1.0000
2014-08-20,20.2000,20.2100,20.1100,20.1300,16.4968,40415,0.0858,1.0000
2014-08-19,20.2600,20.2600,20.1900,20.2600,16.5329,33900,0.0000,1.0000
2014-08-18,20.3000,20.3070,20.1800,20.2000,16.4839,38175,0.0000,1.0000
2014-08-15,20.2300,20.3300,20.2000,20.2100,16.4921,42168,0.0000,1.0000
2014-08-14,20.2100,20.2200,20.1300,20.1900,16.4758,40636,0.0000,1.0000
2014-08-13,20.1300,20.2100,20.0800,20.2100,16.4921,43944,0.0000,1.0000
2014-08-12,20.2100,20.2100,20.0200,20.0400,16.3534,61099,0.0000,1.0000
2014-08-11,20.0500,20.1800,19.9600,20.1200,16.4186,45337,0.0000,1.0000
2014-08-08,19.8500,20.0500,19.8500,20.0200,16.3370,28010,0.0000,1.0000
2014-08-07,19.7600,19.8900,19.7600,19.8800,16.2228,21548,0.0000,1.0000
2014-08-06,19.7000,19.8000,19.7000,19.7700,16.1330,23669,0.0000,1.0000
2014-08-05,19.7900,19.8100,19.7100,19.7400,16.1085,43231,0.0000,1.0000
2014-08-04,19.8800,19.9270,19.7700,19.7900,16.1493,46588,0.0000,1.0000
2014-08-01,19.9100,19.9590,19.8001,19.9300,16.2636,40589,0.0000,1.0000
2014-07-31,19.8000,19.9000,19.7800,19.8100,16.1657,62133,0.0000,1.0000
2014-07-30,19.9100,19.9500,19.8500,19.8500,16.1983,79490,0.0000,1.0000
2014-07-29,20.0000,20.0000,19.9100,19.9200,16.2554,22647,0.0000,1.0000
2014-07-28,20.0300,20.0300,19.9100,19.9100,16.2473,28764,0.0000,1.0000
2014-07-25,20.0000,20.0500,19.9700,19.9700,16.2962,29404,0.0000,1.0000
2014-07-24,20.0000,20.0300,19.9800,19.9900,16.3126,37313,0.0000,1.0000
2014-07-23,20.0500,20.0500,19.9800,19.9850,16.3085,40659,0.0000,1.0000
2014-07-22,20.0300,20.0300,19.9500,20.0000,16.3207,26068,0.0858,1.0000
2014-07-21,20.0000,20.0700,19.9700,20.0400,16.2835,37800,0.0000,1.0000
2014-07-18,19.9300,20.0400,19.9300,19.9900,16.2428,10248,0.0000,1.0000
2014-07-17,19.9000,20.0100,19.9000,19.9500,16.2103,31642,0.0000,1.0000
2014-07-16,19.8400,19.9000,19.8300,19.8600,16.1372,35553,0.0000,1.0000
2014-07-15,19.9400,19.9400,19.8200,19.8400,16.1210,38585,0.0000,1.0000
2014-07-14,19.9500,19.9600,19.8700,19.9200,16.1860,21162,0.0000,1.0000
2014-07-11,19.8500,19.9500,19.8300,19.8800,16.1535,98033,0.0000,1.0000
2014-07-10,19.9200,19.9400,19.7900,19.7900,16.0803,46236,0.0000,1.0000
2014-07-09,19.9700,19.9700,19.8500,19.8500,16.1291,40571,0.0000,1.0000
2014-07-08,19.8400,19.9700,19.8400,19.8900,16.1616,70996,0.0000,1.0000
2014-07-07,19.8100,19.8800,19.7900,19.7900,16.0803,74105,0.0000,1.0000
2014-07-03,19.7500,19.8536,19.7100,19.7900,16.0803,60031,0.0000,1.0000
2014-07-02,19.9600,19.9750,19.8300,19.8500,16.1291,94665,0.0000,1.0000
2014-07-01,20.0900,20.0900,19.9640,19.9900,16.2428,69237,0.0000,1.0000
2014-06-30,20.1000,20.1000,19.9800,20.0000,16.2510,52734,0.0000,1.0000
2014-06-27,20.0000,20.0400,20.0000,20.0100,16.2591,57398,0.0000,1.0000
2014-06-26,20.0200,20.0800,19.9900,20.0000,16.2510,50199,0.0000,1.0000
2014-06-25,20.0700,20.0700,20.0200,20.0300,16.2753,25928,0.0000,1.0000
2014-06-24,20.0600,20.0600,19.9700,19.9823,16.2366,37466,0.0000,1.0000
2014-06-23,20.0100,20.0200,19.9600,20.0000,16.2510,30285,0.0000,1.0000
2014-06-20,19.9900,19.9900,19.9200,19.9500,16.2103,31145,0.0000,1.0000
2014-06-19,19.9600,20.0100,19.9000,19.9200,16.1860,28062,0.0858,1.0000
2014-06-18,19.9300,20.0200,19.9200,19.9341,16.1279,34855,0.0000,1.0000
2014-06-17,20.0000,20.0400,19.8900,19.9300,16.1246,40708,0.0000,1.0000
2014-06-16,20.0700,20.0700,20.0101,20.0101,16.1894,6665,0.0000,1.0000
2014-06-13,20.0900,20.0900,19.9900,20.0440,16.2168,28592,0.0000,1.0000
2014-06-12,19.9800,20.0800,19.8900,20.0600,16.2298,37636,0.0000,1.0000
2014-06-11,19.8600,19.9301,19.8600,19.9300,16.1246,28786,0.0000,1.0000
2014-06-10,19.9300,19.9700,19.8700,19.9000,16.1003,27318,0.0000,1.0000
2014-06-09,19.9900,20.0100,19.9300,19.9300,16.1246,42429,0.0000,1.0000
2014-06-06,19.9500,20.0600,19.9400,19.9616,16.1502,40596,0.0000,1.0000
2014-06-05,19.8700,19.9900,19.8700,19.9400,16.1327,40480,0.0000,1.0000
2014-06-04,20.0000,20.0300,19.9000,19.9100,16.1084,59173,0.0000,1.0000
2014-06-03,20.1000,20.1000,19.9600,19.9700,16.1570,61369,0.0000,1.0000
2014-06-02,20.0600,20.1549,20.0500,20.0600,16.2298,51248,0.0000,1.0000
2014-05-30,20.2000,20.2000,20.0900,20.1100,16.2702,27010,0.0000,1.0000
2014-05-29,20.1100,20.1700,20.0800,20.1400,16.2945,38311,0.0000,1.0000
2014-05-28,20.0700,20.1600,20.0526,20.0801,16.2461,50045,0.0000,1.0000
2014-05-27,20.0700,20.1100,20.0100,20.0300,16.2055,24816,0.0000,1.0000
2014-05-23,20.1100,20.1370,20.0400,20.0900,16.2541,24424,0.0000,1.0000
2014-05-22,20.1500,20.1800,20.0900,20.1100,16.2702,33059,0.0000,1.0000
2014-05-21,20.1500,20.1500,20.0200,20.0300,16.2055,37434,0.0858,1.0000
2014-05-20,20.1500,20.2000,20.0900,20.1141,16.2041,32433,0.0000,1.0000
2014-05-19,20.1700,20.2099,20.0600,20.0800,16.1766,61001,0.0000,1.0000
2014-05-16,20.1400,20.1600,20.0900,20.1200,16.2089,29391,0.0000,1.0000
2014-05-15,20.0200,20.1800,19.9700,20.1200,16.2089,74868,0.0000,1.0000
2014-05-14,19.9800,20.0400,19.9500,19.9500,16.0719,27675,0.0000,1.0000
2014-05-13,20.0700,20.0700,19.9300,19.9600,16.0800,58014,0.0000,1.0000
2014-05-12,20.0300,20.1400,19.9900,20.0500,16.1525,46187,0.0000,1.0000
2014-05-09,20.2000,20.2000,20.0300,20.1000,16.1928,43891,0.0000,1.0000
2014-05-08,20.0000,20.1500,19.9800,20.1500,16.2330,61696,0.0000,1.0000
2014-05-07,20.0000,20.0000,19.9670,20.0000,16.1122,33655,0.0000,1.0000
2014-05-06,19.9600,20.0300,19.9600,20.0000,16.1122,33946,0.0000,1.0000
2014-05-05,19.9700,20.0500,19.9600,20.0300,16.1364,77476,0.0000,1.0000
2014-05-02,20.0600,20.0600,19.9600,19.9700,16.0880,19515,0.0000,1.0000
2014-05-01,19.9800,20.0600,19.9300,20.0600,16.1605,37790,0.0000,1.0000
2014-04-30,19.9000,19.9499,19.8800,19.9200,16.0478,54441,0.0000,1.0000
2014-04-29,20.0300,20.0300,19.8600,19.8800,16.0155,48755,0.0000,1.0000
2014-04-28,19.9900,20.0400,19.9300,20.0300,16.1364,45058,0.0000,1.0000
2014-04-25,19.9500,20.0000,19.8700,19.9300,16.0558,32177,0.0000,1.0000
2014-04-24,19.8500,19.9000,19.7600,19.9000,16.0316,51311,0.0000,1.0000
2014-04-23,19.7300,19.8300,19.7000,19.7900,15.9430,51518,0.0000,1.0000
2014-04-22,19.7000,19.7800,19.6500,19.7500,15.9108,66221,0.0000,1.0000
2014-04-21,19.5500,19.7000,19.4600,19.6600,15.8383,81002,0.0858,1.0000
2014-04-17,19.5700,19.6100,19.5200,19.5600,15.6892,36100,0.0000,1.0000
2014-04-16,19.6000,19.6000,19.5100,19.5100,15.6491,43901,0.0000,1.0000
2014-04-15,19.4600,19.5700,19.4500,19.5700,15.6973,34900,0.0000,1.0000
2014-04-14,19.5500,19.5500,19.4000,19.4400,15.5930,65308,0.0000,1.0000
2014-04-11,19.5600,19.5600,19.4600,19.5000,15.6411,23770,0.0000,1.0000
2014-04-10,19.4800,19.5200,19.4200,19.4500,15.6010,41645,0.0000,1.0000
2014-04-09,19.5300,19.5400,19.4100,19.4200,15.5769,38598,0.0000,1.0000
2014-04-08,19.5100,19.5700,19.4600,19.4600,15.6090,28704,0.0000,1.0000
2014-04-07,19.5500,19.5500,19.4500,19.4800,15.6251,25399,0.0000,1.0000
2014-04-04,19.4900,19.5800,19.4500,19.5300,15.6652,45516,0.0000,1.0000
2014-04-03,19.4400,19.4400,19.3300,19.4200,15.5769,46563,0.0000,1.0000
2014-04-02,19.3600,19.3800,19.2700,19.3300,15.5047,72547,0.0000,1.0000
2014-04-01,19.4500,19.4500,19.3300,19.3800,15.5449,50213,0.0000,1.0000
2014-03-31,19.3700,19.4000,19.3600,19.3900,15.5529,37174,0.0000,1.0000
2014-03-28,19.3900,19.3900,19.3400,19.3900,15.5529,30731,0.0000,1.0000
2014-03-27,19.3400,19.4000,19.3300,19.3600,15.5288,31000,0.0000,1.0000
2014-03-26,19.3500,19.4000,19.2900,19.3700,15.5368,28495,0.0000,1.0000
2014-03-25,19.3500,19.3500,19.2500,19.3100,15.4887,27393,0.0000,1.0000
2014-03-24,19.2900,19.3200,19.2400,19.3000,15.4807,17810,0.0000,1.0000
2014-03-21,19.1300,19.2800,19.1300,19.2500,15.4406,64814,0.0000,1.0000
2014-03-20,19.2600,19.2600,19.1500,19.1500,15.3604,47601,0.0858,1.0000
2014-03-19,19.3900,19.4800,19.3100,19.3600,15.4595,57987,0.0000,1.0000
2014-03-18,19.4600,19.4600,19.3800,19.4000,15.4915,32879,0.0000,1.0000
2014-03-17,19.3900,19.4500,19.3700,19.4500,15.5314,28567,0.0000,1.0000
2014-03-14,19.3400,19.3900,19.3300,19.3400,15.4435,30341,0.0000,1.0000
2014-03-13,19.2600,19.3700,19.2600,19.3700,15.4675,34064,0.0000,1.0000
2014-03-12,19.2100,19.3300,19.2100,19.2600,15.3797,36666,0.0000,1.0000
2014-03-11,19.2400,19.3000,19.2300,19.2300,15.3557,28206,0.0000,1.0000
2014-03-10,19.0800,19.3100,19.0800,19.2900,15.4036,44532,0.0000,1.0000
2014-03-07,19.2100,19.2100,19.1000,19.1400,15.2838,95668,0.0000,1.0000
2014-03-06,19.3800,19.3800,19.2100,19.2500,15.3717,46095,0.0000,1.0000
2014-03-05,19.3400,19.3590,19.2800,19.3500,15.4515,22516,0.0000,1.0000
2014-03-04,19.4100,19.4100,19.2900,19.2900,15.4036,31255,0.0000,1.0000
2014-03-03,19.3200,19.3600,19.2800,19.3600,15.4595,29819,0.0000,1.0000
2014-02-28,19.3200,19.3200,19.2400,19.2700,15.3877,140476,0.0000,1.0000
2014-02-27,19.2200,19.2900,19.2000,19.2900,15.4036,63970,0.0000,1.0000
2014-02-26,19.3000,19.3000,19.2000,19.2500,15.3717,39618,0.0000,1.0000
2014-02-25,19.2200,19.2400,19.1621,19.2000,15.3318,33423,0.0000,1.0000
2014-02-24,19.2000,19.2300,19.1500,19.1800,15.3158,31611,0.0000,1.0000
2014-02-21,19.2300,19.2600,19.1600,19.1600,15.2998,23946,0.0000,1.0000
2014-02-20,19.1900,19.2500,19.1600,19.2000,15.3318,33839,0.0000,1.0000
2014-02-19,19.2000,19.2700,19.1800,19.2100,15.3397,29920,0.0858,1.0000
2014-02-18,19.2100,19.3000,19.2000,19.2000,15.2636,20250,0.0000,1.0000
2014-02-14,19.3000,19.3000,19.2100,19.2100,15.2715,17668,0.0000,1.0000
2014-02-13,19.2000,19.2700,19.1300,19.2700,15.3192,22822,0.0000,1.0000
2014-02-12,19.2200,19.2200,19.1500,19.1900,15.2556,26973,0.0000,1.0000
2014-02-11,19.1600,19.2300,19.1000,19.1800,15.2477,25851,0.0000,1.0000
2014-02-10,19.1700,19.2200,19.1200,19.2000,15.2636,64803,0.0000,1.0000
2014-02-07,19.0200,19.1000,19.0100,19.1000,15.1841,37634,0.0000,1.0000
2014-02-06,19.0900,19.0900,18.9700,19.0100,15.1125,42780,0.0000,1.0000
2014-02-05,19.1400,19.1400,19.0100,19.0300,15.1284,60552,0.0000,1.0000
2014-02-04,19.3000,19.3000,19.1100,19.1100,15.1920,35914,0.0000,1.0000
2014-02-03,19.2700,19.3000,19.2301,19.2400,15.2954,31008,0.0000,1.0000
2014-01-31,19.1600,19.2799,19.1200,19.2200,15.2795,54096,0.0000,1.0000
2014-01-30,19.1200,19.1600,19.0800,19.1500,15.2238,42295,0.0000,1.0000
2014-01-29,19.0500,19.1000,19.0100,19.0800,15.1682,32027,0.0000,1.0000
2014-01-28,19.0500,19.0900,19.0000,19.0500,15.1443,54604,0.0000,1.0000
2014-01-27,19.1700,19.1700,19.0000,19.0500,15.1443,81286,0.0000,1.0000
2014-01-24,19.2000,19.2097,19.0700,19.1700,15.2397,64248,0.0000,1.0000
2014-01-23,19.1000,19.2200,19.1000,19.1900,15.2556,54793,0.0000,1.0000
2014-01-22,19.1300,19.1400,19.0600,19.1000,15.1841,34992,0.0858,1.0000
2014-01-21,19.1600,19.2000,19.0800,19.1320,15.1415,37473,0.0000,1.0000
2014-01-17,19.0200,19.2100,19.0100,19.1000,15.1161,86654,0.0000,1.0000
2014-01-16,19.0900,19.1000,19.0000,19.0500,15.0766,67820,0.0000,1.0000
2014-01-15,19.0400,19.0900,18.9800,19.0500,15.0766,43918,0.0000,1.0000
2014-01-14,19.0100,19.0600,18.9400,19.0100,15.0449,44756,0.0000,1.0000
2014-01-13,19.1600,19.2000,18.9500,19.0200,15.0528,69465,0.0000,1.0000
2014-01-10,19.0100,19.1100,18.9400,19.0900,15.1082,66235,0.0000,1.0000
2014-01-09,18.8600,19.0100,18.8600,18.9400,14.9895,42967,0.0000,1.0000
2014-01-08,18.9000,18.9100,18.7900,18.9100,14.9658,59578,0.0000,1.0000
2014-01-07,18.8700,19.0000,18.7250,18.8400,14.9104,99925,0.0000,1.0000
2014-01-06,18.6800,18.8600,18.6550,18.8500,14.9183,114579,0.0000,1.0000
2014-01-03,18.4500,18.6600,18.3900,18.6600,14.7679,97218,0.0000,1.0000
2014-01-02,18.4500,18.5000,18.3000,18.5000,14.6413,187690,0.0000,1.0000
2013-12-31,18.5300,18.5900,18.4600,18.4600,14.6096,162856,0.0000,1.0000
2013-12-30,18.7500,18.7500,18.5100,18.6000,14.7204,102869,0.0000,1.0000
2013-12-27,18.7400,18.8000,18.6200,18.6600,14.7679,107560,0.0000,1.0000
2013-12-26,18.8200,18.8500,18.7400,18.7900,14.8708,108090,0.0000,1.0000
2013-12-24,18.8200,18.8200,18.7200,18.8100,14.8866,54937,0.0000,1.0000
2013-12-23,18.5700,18.8500,18.5300,18.7800,14.8629,92818,0.0000,1.0000
2013-12-20,18.4000,18.6700,18.3450,18.5900,14.7125,127266,0.0858,1.0000
2013-12-19,18.6100,18.7300,18.5500,18.5600,14.6212,206406,0.0000,1.0000
2013-12-18,18.4400,18.6300,18.3200,18.5500,14.6134,105815,0.0000,1.0000
2013-12-17,18.1300,18.4300,18.1300,18.3500,14.4558,127320,0.0000,1.0000
2013-12-16,18.1400,18.2300,18.0800,18.1300,14.2825,139527,0.0000,1.0000
2013-12-13,18.1500,18.2300,18.1300,18.1700,14.3140,54690,0.0000,1.0000
2013-12-12,18.1300,18.1800,18.1200,18.1500,14.2983,69466,0.0000,1.0000
2013-12-11,18.1700,18.2100,18.1400,18.2100,14.3455,64686,0.0000,1.0000
2013-12-10,18.1300,18.2300,18.1300,18.2300,14.3613,138821,0.0000,1.0000
2013-12-09,18.1800,18.1900,18.1000,18.1300,14.2825,132926,0.0000,1.0000
2013-12-06,18.2800,18.2800,18.1400,18.2300,14.3613,114163,0.0000,1.0000
2013-12-05,18.1400,18.2100,18.1000,18.1500,14.2983,118390,0.0000,1.0000
2013-12-04,18.2000,18.2500,18.1500,18.1700,14.3140,121745,0.0000,1.0000
2013-12-03,18.1800,18.2400,18.1500,18.1864,14.3269,50513,0.0000,1.0000
2013-12-02,18.2400,18.2400,18.1000,18.1700,14.3140,62659,0.0000,1.0000
2013-11-29,18.0900,18.2000,18.0900,18.1600,14.3061,39366,0.0000,1.0000
2013-11-27,18.0900,18.1400,18.0400,18.1200,14.2746,74342,0.0000,1.0000
2013-11-26,18.1300,18.2000,18.0900,18.0900,14.2510,99390,0.0000,1.0000
2013-11-25,18.1300,18.1800,18.1200,18.1300,14.2825,106124,0.0000,1.0000
2013-11-22,18.1800,18.2100,18.1100,18.1500,14.2983,68366,0.0000,1.0000
2013-11-21,18.1300,18.1600,18.0700,18.1600,14.3061,57974,0.0000,1.0000
2013-11-20,18.1900,18.2100,18.0700,18.0700,14.2352,76808,0.0858,1.0000
2013-11-19,18.2400,18.2700,18.2300,18.2490,14.3083,41500,0.0000,1.0000
2013-11-18,18.2300,18.3200,18.2300,18.2300,14.2934,53544,0.0000,1.0000
2013-11-15,18.3000,18.3100,18.2200,18.3100,14.3561,51597,0.0000,1.0000
2013-11-14,18.2000,18.2599,18.1100,18.2100,14.2777,59903,0.0000,1.0000
2013-11-13,18.1000,18.1900,18.1000,18.1500,14.2307,61749,0.0000,1.0000
2013-11-12,18.1500,18.1725,18.0398,18.1000,14.1915,85844,0.0000,1.0000
2013-11-11,18.1700,18.2500,18.1700,18.2200,14.2855,46214,0.0000,1.0000
2013-11-08,18.3600,18.3600,18.1500,18.1700,14.2463,83008,0.0000,1.0000
2013-11-07,18.4100,18.5000,18.3500,18.4000,14.4267,63619,0.0000,1.0000
2013-11-06,18.4600,18.5200,18.4100,18.4100,14.4345,59954,0.0000,1.0000
2013-11-05,18.4500,18.5600,18.3300,18.4900,14.4972,42016,0.0000,1.0000
2013-11-04,18.4900,18.6300,18.4900,18.5300,14.5286,50771,0.0000,1.0000
2013-11-01,18.8000,18.8000,18.4600,18.4600,14.4737,52453,0.0000,1.0000
2013-10-31,18.7500,18.8300,18.7000,18.7800,14.7246,67766,0.0000,1.0000
2013-10-30,18.9200,18.9800,18.7000,18.8000,14.7403,76755,0.0000,1.0000
2013-10-29,19.0200,19.1000,18.8800,18.9300,14.8422,55808,0.0000,1.0000
2013-10-28,18.8900,19.0900,18.8700,19.0799,14.9598,71235,0.0000,1.0000
2013-10-25,18.9000,18.9800,18.8300,18.9600,14.8657,32544,0.0000,1.0000
2013-10-24,18.9100,18.9900,18.8400,18.8900,14.8109,35982,0.0000,1.0000
2013-10-23,18.9600,19.0200,18.9101,18.9700,14.8736,47108,0.0000,1.0000
2013-10-22,18.9700,18.9700,18.8704,18.9000,14.8187,41586,0.0858,1.0000
2013-10-21,19.0200,19.0200,18.8600,18.9500,14.7907,34957,0.0000,1.0000
2013-10-18,19.0000,19.0100,18.9000,18.9900,14.8220,42300,0.0000,1.0000
2013-10-17,18.5800,19.0000,18.5800,18.9700,14.8063,55122,0.0000,1.0000
2013-10-16,18.5900,18.6500,18.5300,18.6500,14.5566,37192,0.0000,1.0000
2013-10-15,18.5000,18.6800,18.4700,18.6300,14.5410,56958,0.0000,1.0000
2013-10-14,18.4200,18.5200,18.3501,18.5200,14.4551,43895,0.0000,1.0000
2013-10-11,18.5900,18.5900,18.3900,18.4800,14.4239,47912,0.0000,1.0000
2013-10-10,18.5300,18.5400,18.4300,18.5200,14.4551,31730,0.0000,1.0000
2013-10-09,18.5500,18.5700,18.3800,18.4300,14.3849,60068,0.0000,1.0000
2013-10-08,18.6100,18.6100,18.4300,18.5188,14.4542,44206,0.0000,1.0000
2013-10-07,18.6000,18.6300,18.5200,18.6000,14.5176,113408,0.0000,1.0000
2013-10-04,18.5100,18.6496,18.4880,18.6000,14.5176,62901,0.0000,1.0000
2013-10-03,18.6800,18.6800,18.5400,18.5500,14.4785,46170,0.0000,1.0000
2013-10-02,18.7500,18.7600,18.6200,18.6600,14.5644,53200,0.0000,1.0000
2013-10-01,18.7100,18.7800,18.6600,18.7800,14.6580,43200,0.0000,1.0000
2013-09-30,18.8000,18.8000,18.6400,18.7900,14.6659,57918,0.0000,1.0000
2013-09-27,18.7100,18.7800,18.7100,18.7800,14.6580,28034,0.0000,1.0000
2013-09-26,18.7600,18.8300,18.7000,18.7800,14.6580,56139,0.0000,1.0000
2013-09-25,18.6500,18.8200,18.6500,18.7900,14.6659,57414,0.0000,1.0000
2013-09-24,18.7600,18.7600,18.5700,18.7500,14.6346,66420,0.0000,1.0000
2013-09-23,18.5900,18.6800,18.5500,18.6800,14.5800,50131,0.0000,1.0000
2013-09-20,18.4300,18.5800,18.4000,18.5800,14.5019,69983,0.0000,1.0000
2013-09-19,18.7700,18.7700,18.4400,18.4600,14.4083,94569,0.0858,1.0000
2013-09-18,18.3800,18.8300,18.2700,18.6800,14.5125,89714,0.0000,1.0000
2013-09-17,18.1800,18.4600,18.1800,18.4600,14.3416,52232,0.0000,1.0000
2013-09-16,18.2100,18.3400,18.1600,18.1600,14.1085,98014,0.0000,1.0000
2013-09-13,17.9400,18.1599,17.9400,18.1100,14.0697,39139,0.0000,1.0000
2013-09-12,17.9000,18.0700,17.9000,18.0100,13.9920,92517,0.0000,1.0000
2013-09-11,18.0100,18.0100,17.8500,17.9900,13.9765,76853,0.0000,1.0000
2013-09-10,18.0000,18.1361,17.9200,18.0200,13.9998,52751,0.0000,1.0000
2013-09-09,18.0300,18.1400,17.9600,18.0700,14.0386,46345,0.0000,1.0000
2013-09-06,17.9200,18.1000,17.8800,18.0300,14.0075,58790,0.0000,1.0000
2013-09-05,17.9300,18.0000,17.8600,17.9200,13.9221,45166,0.0000,1.0000
2013-09-04,17.9500,18.0599,17.9500,18.0200,13.9998,58350,0.0000,1.0000
2013-09-03,18.1500,18.1500,17.9500,18.0100,13.9920,46550,0.0000,1.0000
2013-08-30,18.1800,18.1800,18.0200,18.1400,14.0930,58872,0.0000,1.0000
2013-08-29,18.0000,18.1500,18.0000,18.1400,14.0930,59735,0.0000,1.0000
2013-08-28,18.2300,18.2600,18.0000,18.1200,14.0775,62266,0.0000,1.0000
2013-08-27,18.0200,18.1600,17.9600,18.1500,14.1008,67943,0.0000,1.0000
2013-08-26,18.2200,18.3300,18.1100,18.1300,14.0852,65369,0.0000,1.0000
2013-08-23,18.1800,18.3400,18.1800,18.2600,14.1862,123401,0.0000,1.0000
2013-08-22,17.8700,18.2636,17.8700,18.2200,14.1551,67015,0.0000,1.0000
2013-08-21,17.8200,18.0400,17.8200,17.9300,13.9298,55636,0.0858,1.0000
2013-08-20,17.7000,18.0400,17.7000,18.0300,13.9408,81902,0.0000,1.0000
2013-08-19,17.7300,17.8600,17.6700,17.7300,13.7088,89637,0.0000,1.0000
2013-08-16,17.8400,17.9800,17.7600,17.7600,13.7320,82231,0.0000,1.0000
2013-08-15,17.9900,18.0500,17.8500,17.9200,13.8557,92398,0.0000,1.0000
2013-08-14,18.0100,18.0900,17.9400,18.0900,13.9872,68344,0.0000,1.0000
2013-08-13,18.0900,18.1400,17.9500,17.9700,13.8944,64257,0.0000,1.0000
2013-08-12,18.1800,18.2900,18.0900,18.1000,13.9949,82813,0.0000,1.0000
2013-08-09,18.1200,18.2000,18.0500,18.0900,13.9872,54775,0.0000,1.0000
2013-08-08,18.1400,18.2699,18.1000,18.2100,14.0800,61945,0.0000,1.0000
2013-08-07,18.2300,18.3000,18.1200,18.1600,14.0413,96407,0.0000,1.0000
2013-08-06,18.2900,18.4300,18.2100,18.2900,14.1418,35072,0.0000,1.0000
2013-08-05,18.3700,18.5000,18.2100,18.4400,14.2578,47712,0.0000,1.0000
2013-08-02,18.4600,18.5700,18.4600,18.4800,14.2887,40585,0.0000,1.0000
2013-08-01,18.5700,18.6000,18.4500,18.5700,14.3583,108473,0.0000,1.0000
2013-07-31,18.4500,18.6000,18.3600,18.5800,14.3661,68918,0.0000,1.0000
2013-07-30,18.4200,18.5000,18.4000,18.4800,14.2887,52474,0.0000,1.0000
2013-07-29,18.3400,18.5800,18.3400,18.4200,14.2423,54194,0.0000,1.0000
2013-07-26,18.4700,18.5800,18.2975,18.4400,14.2578,55963,0.0000,1.0000
2013-07-25,18.4800,18.5400,18.2990,18.4200,14.2423,64588,0.0000,1.0000
2013-07-24,18.6600,18.6800,18.4700,18.6100,14.3893,65121,0.0000,1.0000
2013-07-23,18.6300,18.7200,18.4612,18.6600,14.4279,61490,0.0000,1.0000
2013-07-22,18.7800,18.8700,18.4500,18.5300,14.3274,136235,0.0858,1.0000
2013-07-19,18.9800,19.0000,18.8100,18.9200,14.5615,63785,0.0000,1.0000
2013-07-18,19.0400,19.1200,18.9600,19.0000,14.6231,59961,0.0000,1.0000
2013-07-17,18.9900,19.1600,18.9900,19.0900,14.6923,71669,0.0000,1.0000
2013-07-16,19.0300,19.0900,18.8900,19.0900,14.6923,47060,0.0000,1.0000
2013-07-15,19.1000,19.1800,19.0100,19.0600,14.6692,65379,0.0000,1.0000
2013-07-12,19.3300,19.3300,19.1000,19.2100,14.7847,39002,0.0000,1.0000
2013-07-11,19.1800,19.3100,19.0900,19.3000,14.8540,62339,0.0000,1.0000
2013-07-10,19.0800,19.1200,18.8600,19.0889,14.6915,73774,0.0000,1.0000
2013-07-09,19.2400,19.2400,19.0300,19.1500,14.7385,83008,0.0000,1.0000
2013-07-08,19.3000,19.3400,19.0600,19.2400,14.8078,69788,0.0000,1.0000
2013-07-05,19.2200,19.4200,18.8200,19.1000,14.7000,58785,0.0000,1.0000
2013-07-03,19.3000,19.4900,19.1900,19.3300,14.8770,121872,0.0000,1.0000
2013-07-02,19.9000,19.9100,19.5900,19.6600,15.1310,68927,0.0000,1.0000
2013-07-01,19.8600,20.0400,19.7700,19.9300,15.3388,86126,0.0000,1.0000
2013-06-28,19.9600,19.9600,19.5800,19.7400,15.1926,119962,0.0000,1.0000
2013-06-27,19.7000,20.0000,19.7000,19.9400,15.3465,65938,0.0000,1.0000
2013-06-26,19.2300,19.6900,19.2299,19.6800,15.1464,97310,0.0000,1.0000
2013-06-25,19.0500,19.1500,18.7500,19.1290,14.7223,105419,0.0000,1.0000
2013-06-24,19.1600,19.1600,18.6600,19.0099,14.6307,110687,0.0000,1.0000
2013-06-21,19.4000,19.4950,19.2101,19.2700,14.8309,51033,0.0000,1.0000
2013-06-20,19.4700,19.5200,19.1700,19.3700,14.9078,77895,0.0000,1.0000
2013-06-19,19.6300,19.7300,19.5800,19.6000,15.0848,59886,0.0858,1.0000
2013-06-18,19.7900,19.8200,19.5900,19.7600,15.1417,85011,0.0000,1.0000
2013-06-17,20.0000,20.1500,19.8700,19.9200,15.2643,52103,0.0000,1.0000
2013-06-14,19.8600,20.0899,19.8200,20.0300,15.3486,67663,0.0000,1.0000
2013-06-13,19.6200,19.9700,19.5201,19.9400,15.2796,89971,0.0000,1.0000
2013-06-12,19.8000,19.8200,19.3800,19.7000,15.0957,132864,0.0000,1.0000
2013-06-11,20.0900,20.0900,19.7700,19.9600,15.2949,136716,0.0000,1.0000
2013-06-10,20.6500,20.6600,20.0700,20.1900,15.4712,133248,0.0000,1.0000
2013-06-07,20.9400,20.9400,20.5900,20.7400,15.8926,87424,0.0000,1.0000
2013-06-06,20.6800,21.0252,20.6800,20.9900,16.0842,66347,0.0000,1.0000
2013-06-05,20.4700,20.8700,20.4510,20.8100,15.9463,85510,0.0000,1.0000
2013-06-04,20.1900,20.7690,20.1500,20.6300,15.8083,117252,0.0000,1.0000
2013-06-03,21.0800,21.1200,20.1900,20.4464,15.6676,128838,0.0000,1.0000
2013-05-31,21.3400,21.3400,20.8800,21.0800,16.1532,57802,0.0000,1.0000
2013-05-30,21.1900,21.3000,21.0600,21.2600,16.2911,66398,0.0000,1.0000
2013-05-29,21.5800,21.6200,21.0600,21.1700,16.2221,69530,0.0000,1.0000
2013-05-28,21.8700,21.8700,21.5800,21.6100,16.5593,32364,0.0000,1.0000
2013-05-24,21.8000,21.8600,21.6400,21.8500,16.7432,31512,0.0000,1.0000
2013-05-23,21.7700,21.8800,21.7000,21.8300,16.7279,31165,0.0000,1.0000
2013-05-22,21.8400,21.8400,21.6900,21.7600,16.6742,40509,0.0858,1.0000
2013-05-21,21.6500,21.8200,21.6500,21.8200,16.6545,41467,0.0000,1.0000
2013-05-20,21.6400,21.7800,21.6400,21.7200,16.5782,30867,0.0000,1.0000
2013-05-17,21.7600,21.7600,21.6200,21.7000,16.5629,39778,0.0000,1.0000
2013-05-16,21.6500,21.7300,21.5400,21.7000,16.5629,66791,0.0000,1.0000
2013-05-15,21.7200,21.7200,21.5900,21.6000,16.4866,44166,0.0000,1.0000
2013-05-14,21.7500,21.8450,21.6700,21.7200,16.5782,92877,0.0000,1.0000
2013-05-13,22.1600,22.1799,21.8000,21.8000,16.6393,31660,0.0000,1.0000
2013-05-10,22.1600,22.2200,22.0301,22.1400,16.8988,38356,0.0000,1.0000
2013-05-09,22.1600,22.2500,22.0300,22.1500,16.9064,23066,0.0000,1.0000
2013-05-08,22.2500,22.3000,22.1500,22.2000,16.9446,28364,0.0000,1.0000
2013-05-07,22.1600,22.1900,22.0000,22.1800,16.9293,28417,0.0000,1.0000
2013-05-06,21.9600,22.1400,21.7901,22.0600,16.8377,53069,0.0000,1.0000
2013-05-03,22.0900,22.0900,21.8900,21.9500,16.7537,25212,0.0000,1.0000
2013-05-02,22.1000,22.1400,21.9400,22.0000,16.7919,46695,0.0000,1.0000
2013-05-01,22.1300,22.1300,21.9201,22.1100,16.8759,35095,0.0000,1.0000
2013-04-30,22.1400,22.1400,21.9300,22.0000,16.7919,56520,0.0000,1.0000
2013-04-29,22.1700,22.1700,22.0000,22.0800,16.8530,19118,0.0000,1.0000
2013-04-26,22.0300,22.1200,22.0100,22.1200,16.8835,17922,0.0000,1.0000
2013-04-25,22.0000,22.0900,21.9800,22.0500,16.8301,21091,0.0000,1.0000
2013-04-24,21.9300,22.0800,21.9300,22.0800,16.8530,33029,0.0000,1.0000
2013-04-23,22.0200,22.0300,21.8700,21.9800,16.7766,26628,0.0000,1.0000
2013-04-22,22.0000,22.0500,21.8800,21.8800,16.7003,20985,0.0000,1.0000
2013-04-19,22.0200,22.0599,21.8700,21.9100,16.7232,28331,0.0858,1.0000
2013-04-18,21.9200,22.1020,21.9200,22.0200,16.7416,20624,0.0000,1.0000
2013-04-17,22.0500,22.1300,21.9500,21.9600,16.6960,22942,0.0000,1.0000
2013-04-16,22.3300,22.3600,21.9800,22.0301,16.7493,48524,0.0000,1.0000
2013-04-15,22.4200,22.4200,22.2342,22.2500,16.9164,23443,0.0000,1.0000
2013-04-12,22.3100,22.3900,22.2400,22.3900,17.0229,35910,0.0000,1.0000
2013-04-11,22.1700,22.2900,22.1200,22.2100,16.8860,21843,0.0000,1.0000
2013-04-10,22.3900,22.3900,22.0700,22.1000,16.8024,53221,0.0000,1.0000
2013-04-09,22.3600,22.3600,22.2500,22.3100,16.9621,21170,0.0000,1.0000
2013-04-08,22.4700,22.4700,22.2500,22.2900,16.9469,19974,0.0000,1.0000
2013-04-05,22.1300,22.4800,22.0600,22.4600,17.0761,60728,0.0000,1.0000
2013-04-04,21.9700,21.9700,21.7000,21.9500,16.6884,43854,0.0000,1.0000
2013-04-03,21.8900,21.8900,21.7000,21.8300,16.5971,29069,0.0000,1.0000
2013-04-02,22.1500,22.1500,21.7900,21.7900,16.5667,28018,0.0000,1.0000
2013-04-01,22.2500,22.3300,22.0400,22.1500,16.8404,27771,0.0000,1.0000
2013-03-28,22.0600,22.2500,21.8800,22.2500,16.9164,40430,0.0000,1.0000
2013-03-27,21.9200,21.9700,21.6885,21.9700,16.7036,66516,0.0000,1.0000
2013-03-26,21.6900,21.9000,21.4800,21.9000,16.6503,64518,0.0000,1.0000
2013-03-25,22.1800,22.2500,21.6000,21.6000,16.4223,69960,0.0000,1.0000
2013-03-22,22.5700,22.5700,21.9800,22.0800,16.7872,83136,0.0000,1.0000
2013-03-21,22.2200,22.7600,21.9400,22.4600,17.0761,90746,0.0000,1.0000
2013-03-20,21.9300,22.2800,21.8600,22.2700,16.9317,64761,0.0000,1.0000
2013-03-19,21.7000,22.0200,21.5750,22.0200,16.7416,91959,0.0892,1.0000
2013-03-18,21.0400,21.7300,21.0400,21.6600,16.4015,75339,0.0000,1.0000
2013-03-15,21.6000,21.6000,21.1100,21.2400,16.0834,92928,0.0000,1.0000
2013-03-14,21.7300,21.7300,21.4600,21.5500,16.3182,85143,0.0000,1.0000
2013-03-13,21.8000,21.8100,21.6400,21.6900,16.4242,95850,0.0000,1.0000
2013-03-12,21.8900,21.8900,21.7000,21.8400,16.5378,82872,0.0000,1.0000
2013-03-11,22.0500,22.0500,21.7600,21.8000,16.5075,53041,0.0000,1.0000
2013-03-08,21.9500,21.9900,21.7900,21.9900,16.6513,63050,0.0000,1.0000
2013-03-07,22.0700,22.0862,21.9700,21.9900,16.6513,33417,0.0000,1.0000
2013-03-06,22.2000,22.2000,22.0600,22.1200,16.7498,53144,0.0000,1.0000
2013-03-05,22.2000,22.2000,22.0800,22.1200,16.7498,43382,0.0000,1.0000
2013-03-04,22.2500,22.3300,22.1400,22.2100,16.8179,41618,0.0000,1.0000
2013-03-01,22.2800,22.3200,21.7800,22.2000,16.8104,25523,0.0000,1.0000
2013-02-28,22.2500,22.2900,22.1400,22.2300,16.8331,26746,0.0000,1.0000
2013-02-27,22.3500,22.3500,22.1000,22.2000,16.8104,48455,0.0000,1.0000
2013-02-26,22.1500,22.3100,22.1500,22.3100,16.8937,22211,0.0000,1.0000
2013-02-25,22.4200,22.4300,22.1800,22.2096,16.8176,45127,0.0000,1.0000
2013-02-22,22.4800,22.4800,22.2900,22.3900,16.9542,28791,0.0000,1.0000
2013-02-21,22.2500,22.3900,22.2100,22.3900,16.9542,46618,0.0000,1.0000
2013-02-20,22.3400,22.3400,22.1400,22.2700,16.8634,43226,0.0000,1.0000
2013-02-19,22.4100,22.4100,22.1600,22.2100,16.8179,48424,0.0892,1.0000
2013-02-15,22.3200,22.4100,22.2601,22.4100,16.9015,50052,0.0000,1.0000
2013-02-14,22.6200,22.6200,22.3500,22.3600,16.8638,52437,0.0000,1.0000
2013-02-13,22.7600,22.7600,22.5700,22.5700,17.0222,35495,0.0000,1.0000
2013-02-12,22.7400,22.7400,22.5900,22.6700,17.0976,27460,0.0000,1.0000
2013-02-11,22.6300,22.7900,22.6000,22.6400,17.0750,67467,0.0000,1.0000
2013-02-08,22.7000,22.7000,22.4900,22.5500,17.0071,34989,0.0000,1.0000
2013-02-07,22.7900,22.7900,22.5700,22.6600,17.0901,28580,0.0000,1.0000
2013-02-06,22.7500,22.7800,22.7000,22.7500,17.1580,33403,0.0000,1.0000
2013-02-05,22.7000,22.8000,22.6600,22.8000,17.1957,32820,0.0000,1.0000
2013-02-04,22.7700,22.7800,22.5600,22.5900,17.0373,31321,0.0000,1.0000
2013-02-01,22.7900,22.8500,22.6100,22.6500,17.0825,31361,0.0000,1.0000
2013-01-31,22.6900,22.7100,22.5800,22.7000,17.1202,34470,0.0000,1.0000
2013-01-30,22.7700,22.8300,22.5400,22.6600,17.0901,28113,0.0000,1.0000
2013-01-29,22.9300,23.0400,22.5400,22.7000,17.1202,43851,0.0000,1.0000
2013-01-28,23.3600,23.3600,22.8100,22.9400,17.3012,55723,0.0000,1.0000
2013-01-25,23.2400,23.3400,23.1800,23.2600,17.5426,37554,0.0000,1.0000
2013-01-24,23.1600,23.3100,23.1600,23.3100,17.5803,34674,0.0000,1.0000
2013-01-23,23.0200,23.2400,23.0000,23.2400,17.5275,75779,0.0000,1.0000
2013-01-22,22.9700,23.0400,22.9300,23.0200,17.3616,35912,0.0892,1.0000
2013-01-18,22.8500,22.9715,22.8500,22.9700,17.2570,45327,0.0000,1.0000
2013-01-17,22.8800,22.9790,22.8400,22.8500,17.1669,32777,0.0000,1.0000
2013-01-16,22.8400,22.8400,22.6200,22.8000,17.1293,39698,0.0000,1.0000
2013-01-15,23.0000,23.0300,22.7000,22.7600,17.0993,33969,0.0000,1.0000
2013-01-14,22.9300,22.9900,22.8900,22.9800,17.2645,32033,0.0000,1.0000
2013-01-11,22.9400,22.9500,22.7730,22.8000,17.1293,31070,0.0000,1.0000
2013-01-10,23.0400,23.0400,22.8300,22.8500,17.1669,33428,0.0000,1.0000
2013-01-09,22.8700,23.0000,22.8700,23.0000,17.2796,20569,0.0000,1.0000
2013-01-08,22.9100,22.9900,22.8700,22.9200,17.2195,35252,0.0000,1.0000
2013-01-07,22.8500,22.8699,22.7600,22.8600,17.1744,25653,0.0000,1.0000
2013-01-04,22.7600,22.8200,22.6601,22.7825,17.1162,37495,0.0000,1.0000
2013-01-03,22.7300,22.8500,22.5100,22.6700,17.0316,50108,0.0000,1.0000
2013-01-02,22.2000,22.7400,22.1900,22.7400,17.0842,72185,0.0000,1.0000
2012-12-31,22.0000,22.1400,21.9100,22.1400,16.6335,44739,0.0000,1.0000
2012-12-28,22.0000,22.1100,21.9100,21.9300,16.4757,55249,0.0000,1.0000
2012-12-27,22.1300,22.2200,21.9200,21.9800,16.5133,48238,0.0000,1.0000
2012-12-26,22.4900,22.5400,22.1600,22.2900,16.7462,35375,0.0000,1.0000
2012-12-24,22.6100,22.6100,22.2900,22.3200,16.7687,30016,0.0000,1.0000
2012-12-21,22.4600,22.7000,22.3500,22.5900,16.9715,57842,0.0000,1.0000
2012-12-20,22.3600,22.6190,22.2100,22.4100,16.8363,65298,0.0892,1.0000
2012-12-19,22.1700,22.3400,22.0000,22.3200,16.7022,64671,0.0000,1.0000
2012-12-18,22.2200,22.2400,21.8400,22.0000,16.4628,76373,0.0000,1.0000
2012-12-17,22.7500,22.7500,22.1900,22.2200,16.6274,91458,0.0000,1.0000
2012-12-14,23.1500,23.1500,22.5900,22.7200,17.0016,72282,0.0000,1.0000
2012-12-13,23.4600,23.5200,23.0810,23.1400,17.3159,67173,0.0000,1.0000
2012-12-12,23.4500,23.6000,23.3601,23.3700,17.4880,52946,0.0000,1.0000
2012-12-11,23.2800,23.4000,23.1807,23.3300,17.4580,35709,0.0000,1.0000
2012-12-10,23.4600,23.4600,23.1400,23.2000,17.3608,35702,0.0000,1.0000
2012-12-07,23.6800,23.6900,23.2500,23.2978,17.4339,49840,0.0000,1.0000
2012-12-06,23.4200,23.5499,23.4100,23.5100,17.5927,38076,0.0000,1.0000
2012-12-05,23.5700,23.6175,23.4100,23.4100,17.5179,35168,0.0000,1.0000
2012-12-04,23.5600,23.5600,23.4000,23.4200,17.5254,22365,0.0000,1.0000
2012-12-03,23.9000,23.9000,23.5100,23.5100,17.5927,40439,0.0000,1.0000
2012-11-30,24.1400,24.1400,23.7300,23.8200,17.8247,59287,0.0000,1.0000
2012-11-29,24.1800,24.1900,23.7100,23.9700,17.9369,51949,0.0000,1.0000
2012-11-28,24.6300,24.8100,23.8800,23.9000,17.8846,94498,0.0000,1.0000
2012-11-27,25.1800,25.1800,24.2600,24.3900,18.2512,80095,0.0000,1.0000
2012-11-26,24.7000,25.1200,24.6500,24.8200,18.5730,47274,0.0000,1.0000
2012-11-23,24.6300,25.2000,23.8500,24.9200,18.6478,70434,0.0000,1.0000
2012-11-21,24.2200,24.7099,24.1700,24.6400,18.4383,84689,0.0000,1.0000
2012-11-20,24.2200,25.3000,24.1000,24.4400,18.2887,105017,0.0892,1.0000
2012-11-19,24.2200,24.2500,23.9740,24.1800,18.0283,42659,0.0000,1.0000
2012-11-16,23.8500,24.2662,23.8000,24.0200,17.9090,61476,0.0000,1.0000
2012-11-15,23.7500,23.9400,23.4100,23.7900,17.7375,144114,0.0000,1.0000
2012-11-14,23.6300,23.7300,23.4900,23.7200,17.6853,94190,0.0000,1.0000
2012-11-13,23.6700,23.7200,23.5100,23.5600,17.5661,63892,0.0000,1.0000
2012-11-12,23.5900,23.6100,23.5200,23.6100,17.6033,58008,0.0000,1.0000
2012-11-09,23.4200,23.5200,23.3500,23.5200,17.5362,50375,0.0000,1.0000
2012-11-08,23.2000,23.3290,23.1900,23.3000,17.3722,22004,0.0000,1.0000
2012-11-07,23.0700,23.2000,22.9700,23.1300,17.2455,66230,0.0000,1.0000
2012-11-06,22.8800,23.0200,22.7400,22.9700,17.1262,54769,0.0000,1.0000
2012-11-05,22.9300,22.9300,22.5900,22.7800,16.9845,57027,0.0000,1.0000
2012-11-02,23.1800,23.1800,22.7700,22.8500,17.0367,47473,0.0000,1.0000
2012-11-01,23.1900,23.2500,22.8600,23.1000,17.2231,61175,0.0000,1.0000
2012-10-31,23.4100,23.4100,22.9847,23.0843,17.2114,52620,0.0000,1.0000
2012-10-26,23.3800,23.4100,23.1400,23.3400,17.4020,74141,0.0000,1.0000
2012-10-25,23.2297,23.3900,23.2200,23.3900,17.4393,21259,0.0000,1.0000
2012-10-24,23.0300,23.2400,22.9700,23.1500,17.2604,51740,0.0000,1.0000
2012-10-23,22.8900,23.0500,22.8800,22.9700,17.1262,48142,0.0000,1.0000
2012-10-22,23.2400,23.2400,22.7300,22.8500,17.0367,60826,0.0892,1.0000
2012-10-19,23.2800,23.3500,23.0502,23.1100,17.1636,59389,0.0000,1.0000
2012-10-18,23.1900,23.3000,23.1100,23.2900,17.2972,20817,0.0000,1.0000
2012-10-17,23.4200,23.4299,22.6900,23.0700,17.1339,80115,0.0000,1.0000
2012-10-16,24.5500,24.5500,23.0700,23.1700,17.2081,117100,0.0000,1.0000
2012-10-15,24.0900,24.1900,23.8100,24.0600,17.8691,45705,0.0000,1.0000
2012-10-12,23.7400,23.9400,23.4800,23.7400,17.6315,65602,0.0000,1.0000
2012-10-11,23.5800,23.6800,23.5500,23.6700,17.5795,38046,0.0000,1.0000
2012-10-10,23.4600,23.5700,23.3640,23.5400,17.4829,45033,0.0000,1.0000
2012-10-09,23.4900,23.4900,23.2600,23.4600,17.4235,71524,0.0000,1.0000
2012-10-08,23.2000,23.5800,23.1958,23.3400,17.3344,40727,0.0000,1.0000
2012-10-05,22.9900,23.2400,22.9700,23.1600,17.2007,22694,0.0000,1.0000
2012-10-04,23.3300,23.3300,22.9100,22.9200,17.0225,31654,0.0000,1.0000
2012-10-03,23.4100,23.4500,23.1900,23.2000,17.2304,51746,0.0000,1.0000
2012-10-02,23.4500,23.5000,23.2800,23.2800,17.2898,25658,0.0000,1.0000
2012-10-01,23.2900,23.4500,23.2400,23.4500,17.4161,33011,0.0000,1.0000
2012-09-28,23.1000,23.1900,23.0600,23.1600,17.2007,20424,0.0000,1.0000
2012-09-27,23.3500,23.4000,22.9800,23.0400,17.1116,54534,0.0000,1.0000
2012-09-26,23.2500,23.4000,23.2500,23.3600,17.3492,55959,0.0000,1.0000
2012-09-25,23.2500,23.2500,23.0400,23.2500,17.2675,74624,0.0000,1.0000
2012-09-24,23.0400,23.2300,22.9000,23.2000,17.2304,79718,0.0000,1.0000
2012-09-21,22.8900,23.0055,22.8400,23.0055,17.0860,22108,0.0000,1.0000
2012-09-20,22.8100,22.8500,22.7700,22.8400,16.9630,39339,0.0000,1.0000
2012-09-19,22.7000,22.8100,22.6900,22.8100,16.9408,26991,0.0892,1.0000
2012-09-18,22.6100,22.7700,22.5700,22.7000,16.7934,51212,0.0000,1.0000
2012-09-17,22.7400,22.7400,22.5200,22.6800,16.7786,32207,0.0000,1.0000
2012-09-14,22.6000,22.7300,22.5700,22.7200,16.8082,68360,0.0000,1.0000
2012-09-13,22.7200,22.8000,22.5900,22.7400,16.8230,41149,0.0000,1.0000
2012-09-12,22.6900,22.7500,22.6000,22.6800,16.7786,62273,0.0000,1.0000
2012-09-11,22.7500,22.7500,22.4500,22.5700,16.6972,56336,0.0000,1.0000
2012-09-10,22.7700,22.8842,22.5600,22.6037,16.7222,39970,0.0000,1.0000
2012-09-07,22.9300,22.9878,22.7200,22.9155,16.9528,49858,0.0000,1.0000
2012-09-06,22.8000,23.1100,22.6700,23.0500,17.0523,48282,0.0000,1.0000
2012-09-05,22.8300,22.8400,22.6000,22.7794,16.8522,43769,0.0000,1.0000
2012-09-04,22.8000,22.8000,22.6600,22.7700,16.8452,47242,0.0000,1.0000
2012-08-31,22.6500,22.7500,22.5110,22.6900,16.7860,43639,0.0000,1.0000
2012-08-30,22.3300,22.7091,22.3000,22.5500,16.6824,72513,0.0000,1.0000
2012-08-29,22.2200,22.4200,22.2200,22.4000,16.5715,45499,0.0000,1.0000
2012-08-28,22.1000,22.2500,22.0700,22.2200,16.4383,88261,0.0000,1.0000
2012-08-27,22.0800,22.1100,21.8600,22.0800,16.3347,68182,0.0000,1.0000
2012-08-24,21.9200,22.0100,21.8400,22.0100,16.2830,42012,0.0000,1.0000
2012-08-23,21.9300,22.1400,21.7700,21.8000,16.1276,54374,0.0000,1.0000
2012-08-22,22.3400,22.3400,21.9100,22.0900,16.3421,64672,0.0892,1.0000
2012-08-21,22.4900,22.5300,22.3200,22.3600,16.4754,50619,0.0000,1.0000
2012-08-20,22.3500,22.4700,22.2400,22.4600,16.5491,81423,0.0000,1.0000
2012-08-17,22.3000,22.3000,22.1700,22.3000,16.4312,32200,0.0000,1.0000
2012-08-16,21.9100,22.2800,21.9100,22.2800,16.4164,65913,0.0000,1.0000
2012-08-15,21.9300,22.0000,21.9100,21.9500,16.1733,62068,0.0000,1.0000
2012-08-14,21.7100,21.9000,21.6300,21.9000,16.1364,63640,0.0000,1.0000
2012-08-13,21.8600,21.8600,21.4900,21.6400,15.9449,109427,0.0000,1.0000
2012-08-10,22.1200,22.1500,21.7500,21.8200,16.0775,79845,0.0000,1.0000
2012-08-09,22.0700,22.1600,22.0000,22.0600,16.2543,55035,0.0000,1.0000
2012-08-08,22.2400,22.2610,22.0700,22.0700,16.2617,49111,0.0000,1.0000
2012-08-07,22.4700,22.4700,22.1700,22.2500,16.3943,59271,0.0000,1.0000
2012-08-06,22.4600,22.5300,22.3800,22.3801,16.4902,74568,0.0000,1.0000
2012-08-03,22.4400,22.4900,22.4200,22.4500,16.5417,28591,0.0000,1.0000
2012-08-02,22.4000,22.5000,22.2808,22.3800,16.4901,58861,0.0000,1.0000
2012-08-01,22.3800,22.3800,22.3800,22.3800,16.4901,100,0.0000,1.0000
2012-07-31,22.6800,22.8040,22.4400,22.5000,16.5785,93023,0.0000,1.0000
2012-07-30,23.1000,23.1000,22.6200,22.7800,16.7848,73987,0.0000,1.0000
2012-07-27,23.3700,23.3778,22.8600,23.0000,16.9469,87990,0.0000,1.0000
2012-07-26,23.2400,23.3800,23.1200,23.3700,17.2196,81423,0.0000,1.0000
2012-07-25,23.1500,23.5500,23.0601,23.2600,17.1385,97347,0.0000,1.0000
2012-07-24,22.9900,23.1700,22.9200,23.1700,17.0722,57738,0.0000,1.0000
2012-07-23,22.7300,23.0300,22.7300,22.9799,16.9321,45261,0.0000,1.0000
2012-07-20,22.7900,22.8500,22.7300,22.7800,16.7848,61267,0.0892,1.0000
2012-07-19,22.8300,22.8400,22.7000,22.7900,16.7267,65389,0.0000,1.0000
2012-07-18,22.6000,22.8200,22.5800,22.7698,16.7119,51656,0.0000,1.0000
2012-07-17,22.3900,22.7100,22.3399,22.5600,16.5579,62088,0.0000,1.0000
2012-07-16,22.3300,22.3500,22.2100,22.2660,16.3421,45058,0.0000,1.0000
2012-07-13,22.3600,22.4297,22.2500,22.2500,16.3304,44901,0.0000,1.0000
2012-07-12,22.3400,22.3700,22.2100,22.3200,16.3818,47984,0.0000,1.0000
2012-07-11,22.4300,22.6000,22.2200,22.2700,16.3451,70326,0.0000,1.0000
2012-07-10,22.4000,22.4100,22.2700,22.4100,16.4478,37202,0.0000,1.0000
2012-07-09,22.7100,22.7100,22.3000,22.3900,16.4332,30778,0.0000,1.0000
2012-07-06,22.5600,22.6600,22.5000,22.6600,16.6313,33840,0.0000,1.0000
2012-07-05,22.3700,22.5600,22.3700,22.4700,16.4919,30931,0.0000,1.0000
2012-07-03,22.1600,22.3600,22.1600,22.3500,16.4038,29216,0.0000,1.0000
2012-07-02,22.0500,22.1700,21.9700,22.1600,16.2643,35164,0.0000,1.0000
2012-06-29,21.8200,22.0000,21.8200,22.0000,16.1469,64983,0.0000,1.0000
2012-06-28,21.8500,21.8846,21.7450,21.8800,16.0588,46430,0.0000,1.0000
2012-06-27,21.5800,21.7800,21.5800,21.7500,15.9634,83526,0.0000,1.0000
2012-06-26,21.7100,21.7800,21.5900,21.7700,15.9781,69327,0.0000,1.0000
2012-06-25,21.9500,22.1200,21.5100,21.6800,15.9121,91847,0.0000,1.0000
2012-06-22,22.2100,22.2100,21.9470,22.0200,16.1616,31813,0.0000,1.0000
2012-06-21,22.0200,22.2000,21.9600,22.0700,16.1983,36476,0.0000,1.0000
2012-06-20,22.0700,22.1300,21.8500,21.9400,16.1029,58867,0.0908,1.0000
2012-06-19,22.1700,22.3800,22.1100,22.1300,16.1754,64142,0.0000,1.0000
2012-06-18,21.9300,22.0400,21.8476,22.0100,16.0877,29861,0.0000,1.0000
2012-06-15,21.9400,22.0400,21.8100,21.9100,16.0146,47810,0.0000,1.0000
2012-06-14,22.5700,22.5900,21.8300,21.8300,15.9561,85156,0.0000,1.0000
2012-06-13,22.5900,22.8700,22.2300,22.3700,16.3508,53833,0.0000,1.0000
2012-06-12,22.4800,22.5601,22.3900,22.5399,16.4750,63597,0.0000,1.0000
2012-06-11,22.5400,22.5400,22.3000,22.4800,16.4312,36910,0.0000,1.0000
2012-06-08,22.4000,22.4500,22.1100,22.2400,16.2558,52906,0.0000,1.0000
2012-06-07,22.4500,22.4500,22.1000,22.1300,16.1754,51600,0.0000,1.0000
2012-06-06,22.4100,22.4300,22.2000,22.4300,16.3946,48841,0.0000,1.0000
2012-06-05,22.0600,22.2500,22.0100,22.2500,16.2631,34690,0.0000,1.0000
2012-06-04,22.3100,22.5300,22.0400,22.1100,16.1607,45514,0.0000,1.0000
2012-06-01,22.5100,22.7797,22.2500,22.4400,16.4019,46252,0.0000,1.0000
2012-05-31,22.1400,22.5100,22.1100,22.5100,16.4531,84127,0.0000,1.0000
2012-05-30,22.1300,22.1800,22.0300,22.1800,16.2119,61648,0.0000,1.0000
2012-05-29,22.0600,22.1400,22.0100,22.1400,16.1827,39763,0.0000,1.0000
2012-05-25,22.0700,22.0700,21.9400,22.0000,16.0803,26249,0.0000,1.0000
2012-05-24,21.9200,22.0000,21.8301,22.0000,16.0803,44437,0.0000,1.0000
2012-05-23,21.8200,21.8900,21.7410,21.8100,15.9415,50911,0.0000,1.0000
2012-05-22,22.2200,22.2200,21.7700,21.8200,15.9488,49791,0.0908,1.0000
2012-05-21,22.0300,22.2200,21.9600,22.2200,16.1738,52739,0.0000,1.0000
2012-05-18,21.9100,22.0300,21.8900,22.0300,16.0355,52861,0.0000,1.0000
2012-05-17,21.9600,21.9800,21.9100,21.9500,15.9773,27758,0.0000,1.0000
2012-05-16,21.9300,21.9800,21.8400,21.9700,15.9918,34720,0.0000,1.0000
2012-05-15,21.7300,21.9300,21.7100,21.9300,15.9627,36622,0.0000,1.0000
2012-05-14,21.7100,21.7300,21.6400,21.6500,15.7589,52412,0.0000,1.0000
2012-05-11,21.8200,21.8300,21.7200,21.7400,15.8244,30709,0.0000,1.0000
2012-05-10,21.9300,21.9300,21.7800,21.8100,15.8754,22996,0.0000,1.0000
2012-05-09,21.8800,21.9000,21.7900,21.8400,15.8972,46774,0.0000,1.0000
2012-05-08,21.9600,22.0200,21.8600,21.8700,15.9191,78782,0.0000,1.0000
2012-05-07,21.9600,21.9700,21.8600,21.9700,15.9918,29752,0.0000,1.0000
2012-05-04,21.9600,22.0000,21.8501,21.9800,15.9991,37905,0.0000,1.0000
2012-05-03,21.8900,21.9800,21.8500,21.9200,15.9554,28224,0.0000,1.0000
2012-05-02,21.9000,21.9215,21.7200,21.7500,15.8317,39073,0.0000,1.0000
2012-05-01,21.9500,21.9500,21.7600,21.9100,15.9482,39861,0.0000,1.0000
2012-04-30,21.9800,22.0000,21.7301,21.7600,15.8390,30255,0.0000,1.0000
2012-04-27,21.8400,21.9700,21.7513,21.8810,15.9271,31808,0.0000,1.0000
2012-04-26,21.9400,21.9400,21.6900,21.7400,15.8244,37794,0.0000,1.0000
2012-04-25,21.9300,21.9600,21.8700,21.8800,15.9263,36948,0.0000,1.0000
2012-04-24,21.9900,21.9900,21.8200,21.9300,15.9627,30639,0.0000,1.0000
2012-04-23,21.9700,22.0100,21.9200,21.9900,16.0064,25955,0.0000,1.0000
2012-04-20,21.8500,21.9700,21.8000,21.9700,15.9918,45578,0.0000,1.0000
2012-04-19,21.8500,21.8800,21.7200,21.7700,15.8463,27513,0.0908,1.0000
2012-04-18,21.9000,21.9000,21.7700,21.8500,15.8384,26376,0.0000,1.0000
2012-04-17,21.8800,21.9824,21.6600,21.6600,15.7007,50615,0.0000,1.0000
2012-04-16,21.9000,21.9000,21.6500,21.8000,15.8022,43490,0.0000,1.0000
2012-04-13,22.0000,22.0200,21.6000,21.7000,15.7297,47518,0.0000,1.0000
2012-04-12,22.0200,22.0200,21.6325,21.7700,15.7804,69477,0.0000,1.0000
2012-04-11,21.7200,21.8200,21.4800,21.7100,15.7369,68704,0.0000,1.0000
2012-04-10,21.5800,21.6700,21.4100,21.4600,15.5557,39570,0.0000,1.0000
2012-04-09,21.1800,21.5062,21.1800,21.4100,15.5195,40178,0.0000,1.0000
2012-04-05,21.5600,21.6300,21.2400,21.2800,15.4252,25141,0.0000,1.0000
2012-04-04,21.4500,21.5600,21.2700,21.4500,15.5485,47560,0.0000,1.0000
2012-04-03,21.8000,22.0700,21.3600,21.3600,15.4832,111543,0.0000,1.0000
2012-04-02,21.8700,21.9000,21.6600,21.7800,15.7877,40100,0.0000,1.0000
2012-03-30,21.7400,21.8300,21.6800,21.8000,15.8022,37637,0.0000,1.0000
2012-03-29,21.3600,21.6300,21.2949,21.5900,15.6499,53388,0.0000,1.0000
2012-03-28,21.1900,21.3400,21.0650,21.3400,15.4687,73665,0.0000,1.0000
2012-03-27,21.1000,21.1300,20.9800,21.1300,15.3165,42840,0.0000,1.0000
2012-03-26,21.2300,21.2400,21.0100,21.0300,15.2440,53663,0.0000,1.0000
2012-03-23,20.9600,21.1900,20.9300,21.1900,15.3600,47846,0.0000,1.0000
2012-03-22,20.8800,20.9700,20.8200,20.8400,15.1063,64406,0.0000,1.0000
2012-03-21,20.6800,20.9520,20.6800,20.8700,15.1280,53552,0.0933,1.0000
2012-03-20,20.5600,20.9400,20.5600,20.8900,15.0751,82366,0.0000,1.0000
2012-03-19,20.2800,20.5600,20.1000,20.5600,14.8370,71194,0.0000,1.0000
2012-03-16,20.5300,20.6000,20.0800,20.3100,14.6566,116395,0.0000,1.0000
2012-03-15,21.1000,21.1000,20.6600,20.6700,14.9164,115419,0.0000,1.0000
2012-03-14,21.5500,21.5500,20.9200,21.0400,15.1834,96992,0.0000,1.0000
2012-03-13,21.6900,21.7800,21.4700,21.4700,15.4937,54572,0.0000,1.0000
2012-03-12,21.8900,21.9700,21.4500,21.7200,15.6741,82447,0.0000,1.0000
2012-03-09,21.7700,21.9900,21.6675,21.8799,15.7895,40479,0.0000,1.0000
2012-03-08,21.8600,21.9900,21.5800,21.6900,15.6524,55201,0.0000,1.0000
2012-03-07,21.5500,21.8600,21.5000,21.8600,15.7751,35218,0.0000,1.0000
2012-03-06,21.5000,21.6100,21.4500,21.4500,15.4792,42518,0.0000,1.0000
2012-03-05,21.4700,21.6300,21.4700,21.5800,15.5731,19205,0.0000,1.0000
2012-03-02,21.4100,21.5700,21.3900,21.5500,15.5514,42599,0.0000,1.0000
2012-03-01,21.4300,21.6600,21.3800,21.5000,15.5153,32141,0.0000,1.0000
2012-02-29,21.6500,21.6500,21.4000,21.4100,15.4504,37898,0.0000,1.0000
2012-02-28,22.1100,22.1100,21.5000,21.5150,15.5261,51504,0.0000,1.0000
2012-02-27,21.9900,22.1600,21.9500,22.0300,15.8978,56326,0.0000,1.0000
2012-02-24,21.6500,21.9899,21.5400,21.9899,15.8689,29541,0.0000,1.0000
2012-02-23,21.6400,21.7300,21.4900,21.5000,15.5153,49755,0.0000,1.0000
2012-02-22,21.7700,21.7801,21.5900,21.6400,15.6163,55460,0.0000,1.0000
2012-02-21,21.4300,21.7700,21.4300,21.7700,15.7102,46668,0.0000,1.0000
2012-02-17,21.4900,21.5300,21.1900,21.3400,15.3999,47282,0.0933,1.0000
2012-02-16,21.3800,21.6900,21.3400,21.6200,15.5340,125625,0.0000,1.0000
2012-02-15,21.4000,21.5800,21.3700,21.4500,15.4118,40619,0.0000,1.0000
2012-02-14,21.5800,21.6500,21.3300,21.4000,15.3759,76451,0.0000,1.0000
2012-02-13,21.6000,21.6600,21.5200,21.6600,15.5627,46488,0.0000,1.0000
2012-02-10,21.3700,21.6000,21.3700,21.5700,15.4981,44113,0.0000,1.0000
2012-02-09,21.5400,21.5891,21.4000,21.4100,15.3831,37219,0.0000,1.0000
2012-02-08,21.4500,21.5200,21.2800,21.5000,15.4478,54183,0.0000,1.0000
2012-02-07,21.6200,21.6200,21.3100,21.4200,15.3903,39969,0.0000,1.0000
2012-02-06,21.4400,21.6000,21.3200,21.5900,15.5124,36045,0.0000,1.0000
2012-02-03,21.4500,21.4500,21.2700,21.4400,15.4046,57768,0.0000,1.0000
2012-02-02,21.5000,21.5100,21.2300,21.3100,15.3112,66585,0.0000,1.0000
2012-02-01,21.4000,21.4900,21.3700,21.4800,15.4334,49354,0.0000,1.0000
2012-01-31,21.3900,21.4325,21.2700,21.3900,15.3687,56164,0.0000,1.0000
2012-01-30,21.4000,21.4600,21.2500,21.3800,15.3615,53721,0.0000,1.0000
2012-01-27,21.5900,21.6100,21.2750,21.2800,15.2897,47861,0.0000,1.0000
2012-01-26,21.2900,21.5800,21.2500,21.5680,15.4966,54936,0.0000,1.0000
2012-01-25,21.0100,21.2700,21.0100,21.2500,15.2681,50582,0.0000,1.0000
2012-01-24,21.4300,21.4300,21.0600,21.1500,15.1963,62929,0.0000,1.0000
2012-01-23,21.1800,21.3100,21.1400,21.2450,15.2645,63352,0.0000,1.0000
2012-01-20,21.1400,21.1460,21.0400,21.1200,15.1747,49835,0.0933,1.0000
2012-01-19,21.0100,21.1600,20.9400,21.1600,15.1366,40598,0.0000,1.0000
2012-01-18,20.7900,21.0000,20.6300,21.0000,15.0221,69134,0.0000,1.0000
2012-01-17,20.9500,20.9500,20.7100,20.8900,14.9434,63273,0.0000,1.0000
2012-01-13,20.9500,21.0800,20.8400,20.9950,15.0185,49056,0.0000,1.0000
2012-01-12,21.1200,21.1600,20.9300,21.0400,15.0507,59060,0.0000,1.0000
2012-01-11,20.9600,21.0900,20.9600,21.0900,15.0865,29121,0.0000,1.0000
2012-01-10,20.9000,21.0300,20.8300,21.0300,15.0436,39146,0.0000,1.0000
2012-01-09,20.9100,20.9100,20.6100,20.8100,14.8862,45303,0.0000,1.0000
2012-01-06,20.8200,20.8950,20.7700,20.8100,14.8862,36334,0.0000,1.0000
2012-01-05,20.9900,21.0200,20.6400,20.7000,14.8075,50222,0.0000,1.0000
2012-01-04,20.9700,21.0400,20.6700,20.7100,14.8147,25201,0.0000,1.0000
2012-01-03,20.8800,20.8800,20.7037,20.8400,14.9077,21187,0.0000,1.0000
2011-12-30,20.7500,20.9200,20.7355,20.9000,14.9506,20077,0.0000,1.0000
2011-12-29,20.7300,20.7300,20.5800,20.6600,14.7789,26141,0.0000,1.0000
2011-12-28,20.9000,20.9000,20.6000,20.6500,14.7718,43145,0.0000,1.0000
2011-12-27,20.9100,20.9900,20.8000,20.8200,14.8934,30068,0.0000,1.0000
2011-12-23,20.7400,20.9600,20.6000,20.9000,14.9506,31948,0.0000,1.0000
2011-12-22,20.5200,20.7100,20.4900,20.6900,14.8004,27812,0.0000,1.0000
2011-12-21,20.8500,21.0500,20.5000,20.5200,14.6788,58473,0.0967,1.0000
2011-12-20,21.0200,21.0800,20.7860,21.0100,14.9588,31408,0.0000,1.0000
2011-12-19,21.2600,21.2600,20.7200,21.0300,14.9730,52475,0.0000,1.0000
2011-12-16,20.9400,21.3100,20.6100,21.1500,15.0585,58715,0.0000,1.0000
2011-12-15,20.5300,20.9500,20.4400,20.8800,14.8662,70524,0.0000,1.0000
2011-12-14,20.6500,20.7400,20.4600,20.5400,14.6242,33503,0.0000,1.0000
2011-12-13,20.3000,20.5600,20.2800,20.5400,14.6242,47509,0.0000,1.0000
2011-12-12,20.2000,20.4200,20.2000,20.3000,14.4533,45627,0.0000,1.0000
2011-12-09,20.2600,20.5200,20.1900,20.3300,14.4747,28545,0.0000,1.0000
2011-12-08,20.3600,20.3876,20.2400,20.3300,14.4747,24872,0.0000,1.0000
2011-12-07,20.1900,20.3100,20.1100,20.3100,14.4604,29201,0.0000,1.0000
2011-12-06,20.1100,20.1700,20.0500,20.1000,14.3109,42925,0.0000,1.0000
2011-12-05,20.4900,20.7289,20.1200,20.1800,14.3679,47948,0.0000,1.0000
2011-12-02,20.3600,20.5000,20.2900,20.5000,14.5957,52783,0.0000,1.0000
2011-12-01,20.1600,20.3000,20.1500,20.2600,14.4248,32769,0.0000,1.0000
2011-11-30,20.1500,20.1800,19.9300,20.0800,14.2967,47800,0.0000,1.0000
2011-11-29,20.1500,20.2500,20.1000,20.1500,14.3465,26059,0.0000,1.0000
2011-11-28,20.2500,20.3500,20.0700,20.2500,14.4177,34664,0.0000,1.0000
2011-11-25,20.3200,20.4560,20.3000,20.4200,14.5387,12300,0.0000,1.0000
2011-11-23,20.1700,20.2430,20.1200,20.2400,14.4106,39317,0.0000,1.0000
2011-11-22,19.9400,20.1900,19.9100,20.1200,14.3251,58867,0.0000,1.0000
2011-11-21,19.8300,19.8920,19.7501,19.8610,14.1407,30922,0.0967,1.0000
2011-11-18,19.9000,20.0565,19.7850,19.8300,14.0503,31591,0.0000,1.0000
2011-11-17,19.8500,20.0700,19.8300,19.9100,14.1070,28784,0.0000,1.0000
2011-11-16,19.8200,20.3200,19.8200,19.9600,14.1424,42568,0.0000,1.0000
2011-11-15,20.0000,20.0500,19.8400,19.8400,14.0574,35334,0.0000,1.0000
2011-11-14,19.9500,20.0000,19.9300,20.0000,14.1707,75598,0.0000,1.0000
2011-11-11,19.9700,20.0000,19.8900,19.9800,14.1566,31941,0.0000,1.0000
2011-11-10,19.9900,20.0000,19.8900,20.0000,14.1707,80396,0.0000,1.0000
2011-11-09,19.8300,19.9900,19.8200,19.9900,14.1636,38639,0.0000,1.0000
2011-11-08,19.8000,19.8900,19.6600,19.8300,14.0503,32773,0.0000,1.0000
2011-11-07,19.8600,19.9000,19.7000,19.7900,14.0219,29182,0.0000,1.0000
2011-11-04,19.7700,19.8600,19.7200,19.8600,14.0715,33733,0.0000,1.0000
2011-11-03,19.5600,19.7600,19.5200,19.7600,14.0007,28140,0.0000,1.0000
2011-11-02,19.7500,19.9100,19.4600,19.5005,13.8168,51988,0.0000,1.0000
2011-11-01,19.6700,19.8400,19.6065,19.8400,14.0574,41544,0.0000,1.0000
2011-10-31,19.5500,19.6700,19.5300,19.6070,13.8923,22207,0.0000,1.0000
2011-10-28,19.5700,19.6700,19.5300,19.5500,13.8519,42063,0.0000,1.0000
2011-10-27,19.5400,19.6700,19.5300,19.6100,13.8944,43953,0.0000,1.0000
2011-10-26,19.4600,19.6000,19.4600,19.5800,13.8731,28891,0.0000,1.0000
2011-10-25,19.5000,19.5800,19.4500,19.5100,13.8235,16411,0.0000,1.0000
2011-10-24,19.6600,19.6600,19.3800,19.6000,13.8873,36104,0.0000,1.0000
2011-10-21,19.5300,19.6600,19.4200,19.6600,13.9298,29332,0.0000,1.0000
2011-10-20,19.1800,19.5100,19.1500,19.5100,13.8235,24531,0.0967,1.0000
2011-10-19,19.5700,19.6400,19.2900,19.3000,13.6073,44320,0.0000,1.0000
2011-10-18,19.5300,19.6361,19.4600,19.5700,13.7977,20023,0.0000,1.0000
2011-10-17,19.5300,19.7300,19.5300,19.6700,13.8682,40441,0.0000,1.0000
2011-10-14,19.5500,19.6000,19.4600,19.6000,13.8188,21998,0.0000,1.0000
2011-10-13,19.0400,19.4800,19.0400,19.4800,13.7342,22895,0.0000,1.0000
2011-10-12,19.1100,19.1400,19.0000,19.0800,13.4522,39428,0.0000,1.0000
2011-10-11,19.0400,19.1200,18.9800,19.1100,13.4734,25351,0.0000,1.0000
2011-10-10,19.2400,19.3400,19.0500,19.1100,13.4734,38827,0.0000,1.0000
2011-10-07,19.1700,19.1700,19.0500,19.1000,13.4663,44082,0.0000,1.0000
2011-10-06,19.3200,19.3600,19.1400,19.1400,13.4945,42091,0.0000,1.0000
2011-10-05,19.3700,19.3700,19.1900,19.2500,13.5721,39773,0.0000,1.0000
2011-10-04,19.5500,19.5600,19.1700,19.2800,13.5932,65495,0.0000,1.0000
2011-10-03,19.9100,19.9100,19.6400,19.6400,13.8470,43637,0.0000,1.0000
2011-09-30,19.8800,19.8900,19.7400,19.7400,13.9176,22972,0.0000,1.0000
2011-09-29,19.8500,19.8800,19.6700,19.7600,13.9317,62589,0.0000,1.0000
2011-09-28,19.9000,20.0000,19.8500,19.9200,14.0445,64900,0.0000,1.0000
2011-09-27,19.9000,19.9000,19.7470,19.8600,14.0022,35830,0.0000,1.0000
2011-09-26,19.7700,19.8600,19.7700,19.8300,13.9810,18717,0.0000,1.0000
2011-09-23,19.7700,19.8200,19.7089,19.8200,13.9740,29455,0.0000,1.0000
2011-09-22,19.7400,19.7800,19.6900,19.7100,13.8964,33147,0.0000,1.0000
2011-09-21,19.7000,19.7900,19.5100,19.7800,13.9458,46323,0.0967,1.0000
2011-09-20,19.5800,19.7900,19.5800,19.7900,13.8849,29709,0.0000,1.0000
2011-09-19,19.6400,19.6400,19.4200,19.6400,13.7797,26926,0.0000,1.0000
2011-09-16,19.4100,19.6100,19.4100,19.6100,13.7587,10887,0.0000,1.0000
2011-09-15,19.4600,19.5500,19.3410,19.4700,13.6604,31517,0.0000,1.0000
2011-09-14,19.6000,19.6900,19.3700,19.5000,13.6815,48993,0.0000,1.0000
2011-09-13,19.6200,19.7300,19.4500,19.6500,13.7867,45157,0.0000,1.0000
2011-09-12,19.5000,19.6200,19.3200,19.5000,13.6815,38145,0.0000,1.0000
2011-09-09,19.5200,19.5400,19.3200,19.4400,13.6394,18920,0.0000,1.0000
2011-09-08,19.5800,19.6500,19.5000,19.5200,13.6955,25586,0.0000,1.0000
2011-09-07,19.6400,19.7900,19.5800,19.6000,13.7516,28484,0.0000,1.0000
2011-09-06,19.5600,19.8000,19.5341,19.6200,13.7657,36023,0.0000,1.0000
2011-09-02,19.8500,19.9000,19.7100,19.7700,13.8709,27269,0.0000,1.0000
2011-09-01,19.8700,19.9500,19.7400,19.7500,13.8569,22862,0.0000,1.0000
2011-08-31,19.6500,19.7900,19.5700,19.7900,13.8849,50199,0.0000,1.0000
2011-08-30,19.4900,19.6300,19.4700,19.5900,13.7446,24553,0.0000,1.0000
2011-08-29,19.5000,19.5000,19.4028,19.5000,13.6815,24498,0.0000,1.0000
2011-08-26,19.2400,19.4900,19.2400,19.4200,13.6253,18459,0.0000,1.0000
2011-08-25,19.2500,19.4900,19.0900,19.2200,13.4850,39809,0.0000,1.0000
2011-08-24,19.1900,19.2600,19.1700,19.2200,13.4850,22879,0.0000,1.0000
2011-08-23,19.1200,19.2000,19.0100,19.2000,13.4710,34884,0.0000,1.0000
2011-08-22,18.9000,19.0900,18.8700,19.0600,13.3728,38505,0.0967,1.0000
2011-08-19,19.0400,19.1500,18.8800,18.9200,13.2076,28121,0.0000,1.0000
2011-08-18,18.9800,19.0800,18.9500,19.0800,13.3192,35265,0.0000,1.0000
2011-08-17,19.0500,19.2300,19.0500,19.0900,13.3262,32483,0.0000,1.0000
2011-08-16,19.0400,19.1200,18.9800,19.0900,13.3262,35244,0.0000,1.0000
2011-08-15,19.0800,19.2500,19.0500,19.1500,13.3681,37166,0.0000,1.0000
2011-08-12,19.2400,19.2500,18.7500,18.9700,13.2425,59489,0.0000,1.0000
2011-08-11,18.7800,19.1900,18.6300,19.1200,13.3472,38645,0.0000,1.0000
2011-08-10,18.5000,18.8300,18.3700,18.7800,13.1098,37316,0.0000,1.0000
2011-08-09,18.3000,18.9200,18.3000,18.4600,12.8864,71977,0.0000,1.0000
2011-08-08,18.7600,18.8000,18.1000,18.2900,12.7678,79010,0.0000,1.0000
2011-08-05,19.0600,19.2400,18.8500,18.9400,13.2215,57830,0.0000,1.0000
2011-08-04,19.3900,19.4000,18.9400,18.9800,13.2494,67003,0.0000,1.0000
2011-08-03,19.2100,19.3700,19.1850,19.3200,13.4868,39918,0.0000,1.0000
2011-08-02,18.9000,19.2300,18.8700,19.2100,13.4100,54470,0.0000,1.0000
2011-08-01,18.9100,18.9800,18.8100,18.9300,13.2145,27025,0.0000,1.0000
2011-07-29,18.7900,18.9300,18.6300,18.7600,13.0959,53872,0.0000,1.0000
2011-07-28,18.9600,19.1300,18.9100,19.0200,13.2774,36659,0.0000,1.0000
2011-07-27,19.1000,19.1000,18.8100,18.9300,13.2145,42398,0.0000,1.0000
2011-07-26,19.2300,19.2300,19.0700,19.1200,13.3472,49842,0.0000,1.0000
2011-07-25,19.2800,19.2800,19.1600,19.2300,13.4240,26289,0.0000,1.0000
2011-07-22,19.3200,19.3200,19.2100,19.2800,13.4589,35015,0.0000,1.0000
2011-07-21,19.3900,19.5200,19.1800,19.2300,13.4240,52348,0.0000,1.0000
2011-07-20,19.3200,19.4400,19.2500,19.2900,13.4658,45934,0.0967,1.0000
2011-07-19,19.3000,19.4800,19.3000,19.3920,13.4695,34303,0.0000,1.0000
2011-07-18,19.4900,19.4900,19.2600,19.3500,13.4404,28539,0.0000,1.0000
2011-07-15,19.5500,19.5500,19.3780,19.4100,13.4820,22710,0.0000,1.0000
2011-07-14,19.4500,19.6800,19.4500,19.5700,13.5932,35353,0.0000,1.0000
2011-07-13,19.5300,19.6000,19.4500,19.4800,13.5307,37770,0.0000,1.0000
2011-07-12,19.4400,19.5400,19.4100,19.5000,13.5446,23461,0.0000,1.0000
2011-07-11,19.5200,19.5800,19.4300,19.4900,13.5376,33944,0.0000,1.0000
2011-07-08,19.5800,19.7800,19.5800,19.6100,13.6210,20008,0.0000,1.0000
2011-07-07,19.7700,19.8299,19.6000,19.6100,13.6210,29594,0.0000,1.0000
2011-07-06,19.5000,19.7800,19.5000,19.7700,13.7321,40869,0.0000,1.0000
2011-07-05,19.5100,19.5800,19.4700,19.5800,13.6001,16387,0.0000,1.0000
2011-07-01,19.4700,19.5100,19.3700,19.5000,13.5446,34632,0.0000,1.0000
2011-06-30,19.5200,19.5200,19.1100,19.3885,13.4671,49408,0.0000,1.0000
2011-06-29,19.3600,19.4700,19.3600,19.4600,13.5168,17655,0.0000,1.0000
2011-06-28,19.4600,19.4600,19.3110,19.3600,13.4473,26807,0.0000,1.0000
2011-06-27,19.5500,19.5500,19.3600,19.4400,13.5029,24460,0.0000,1.0000
2011-06-24,19.6900,19.7100,19.5000,19.5100,13.5515,31136,0.0000,1.0000
2011-06-23,19.4900,19.6600,19.4900,19.6400,13.6418,38025,0.0000,1.0000
2011-06-22,19.4500,19.5000,19.4100,19.4994,13.5441,21186,0.0000,1.0000
2011-06-21,19.3600,19.4541,19.3000,19.3888,13.4673,42775,0.0967,1.0000
2011-06-20,19.4000,19.4900,19.4000,19.4900,13.4705,30516,0.0000,1.0000
2011-06-17,19.3600,19.3700,19.2300,19.3300,13.3599,17939,0.0000,1.0000
2011-06-16,19.4000,19.5200,19.2100,19.3100,13.3461,41080,0.0000,1.0000
2011-06-15,19.2700,19.4000,19.1600,19.4000,13.4083,36642,0.0000,1.0000
2011-06-14,19.4300,19.4400,19.1500,19.3600,13.3806,41488,0.0000,1.0000
2011-06-13,19.3000,19.4300,19.1101,19.3500,13.3737,21992,0.0000,1.0000
2011-06-10,19.3300,19.3300,19.1200,19.2300,13.2908,22010,0.0000,1.0000
2011-06-09,19.2700,19.3100,19.1800,19.3000,13.3391,18958,0.0000,1.0000
2011-06-08,19.3000,19.3600,19.1900,19.2200,13.2838,45047,0.0000,1.0000
2011-06-07,19.3300,19.5100,19.3300,19.3500,13.3737,55889,0.0000,1.0000
2011-06-06,19.3900,19.4000,19.3300,19.3300,13.3599,18905,0.0000,1.0000
2011-06-03,19.3700,19.4000,19.3001,19.3200,13.3530,36782,0.0000,1.0000
2011-06-02,19.3800,19.4000,19.2800,19.3335,13.3623,23591,0.0000,1.0000
2011-06-01,19.4500,19.4600,19.2700,19.3100,13.3461,42152,0.0000,1.0000
2011-05-31,19.3300,19.4600,19.3300,19.4400,13.4359,30920,0.0000,1.0000
2011-05-27,19.3500,19.4295,19.2000,19.2400,13.2977,43885,0.0000,1.0000
2011-05-26,19.3900,19.4422,19.3200,19.3899,13.4013,21480,0.0000,1.0000
2011-05-25,19.3100,19.4000,19.2700,19.3600,13.3806,24644,0.0000,1.0000
2011-05-24,19.4700,19.4700,19.2500,19.2600,13.3115,41829,0.0000,1.0000
2011-05-23,19.3700,19.4000,19.2500,19.4000,13.4083,30985,0.0000,1.0000
2011-05-20,19.2900,19.3100,19.2300,19.2975,13.3374,35422,0.1033,1.0000
2011-05-19,19.2300,19.4564,19.1900,19.3699,13.3161,61913,0.0000,1.0000
2011-05-18,19.1000,19.1900,18.9950,19.1600,13.1718,73384,0.0000,1.0000
2011-05-17,19.0400,19.0786,18.9600,19.0200,13.0756,34865,0.0000,1.0000
2011-05-16,19.0000,19.1200,18.9600,18.9600,13.0344,38441,0.0000,1.0000
2011-05-13,19.0500,19.0500,18.8800,19.0200,13.0756,34318,0.0000,1.0000
2011-05-12,18.8300,19.0300,18.7900,19.0000,13.0619,34000,0.0000,1.0000
2011-05-11,18.8300,18.8500,18.7600,18.7700,12.9037,28203,0.0000,1.0000
2011-05-10,18.8700,18.8700,18.7500,18.7600,12.8969,21190,0.0000,1.0000
2011-05-09,18.8300,18.8700,18.7400,18.8200,12.9381,29649,0.0000,1.0000
2011-05-06,18.8500,18.8500,18.7200,18.7900,12.9175,32541,0.0000,1.0000
2011-05-05,18.7700,18.7900,18.6800,18.7800,12.9106,47532,0.0000,1.0000
2011-05-04,18.6400,18.7300,18.6000,18.7300,12.8762,28939,0.0000,1.0000
2011-05-03,18.5700,18.7100,18.5500,18.6300,12.8075,42925,0.0000,1.0000
2011-05-02,18.5500,18.7000,18.5295,18.7000,12.8556,32141,0.0000,1.0000
2011-04-29,18.4500,18.5300,18.4100,18.5300,12.7387,32389,0.0000,1.0000
2011-04-28,18.4300,18.4700,18.3200,18.4400,12.6769,59437,0.0000,1.0000
2011-04-27,18.4600,18.4800,18.2900,18.4100,12.6562,33194,0.0000,1.0000
2011-04-26,18.3300,18.4000,18.2000,18.4000,12.6494,53753,0.0000,1.0000
2011-04-25,18.4000,18.4500,18.2300,18.2700,12.5600,33188,0.0000,1.0000
2011-04-21,18.4100,18.4800,18.2800,18.3500,12.6150,37235,0.0000,1.0000
2011-04-20,18.5200,18.5200,18.3100,18.3700,12.6287,32080,0.0000,1.0000
2011-04-19,18.3800,18.4327,18.2700,18.4300,12.6700,21054,0.1033,1.0000
2011-04-18,18.3100,18.4600,18.3000,18.4100,12.5857,25077,0.0000,1.0000
2011-04-15,18.2300,18.4500,18.1500,18.3950,12.5754,31692,0.0000,1.0000
2011-04-14,18.1000,18.2500,18.1000,18.1699,12.4215,38561,0.0000,1.0000
2011-04-13,18.4200,18.4900,18.1600,18.1800,12.4284,57917,0.0000,1.0000
2011-04-12,18.4200,18.4400,18.3500,18.4100,12.5857,15175,0.0000,1.0000
2011-04-11,18.6100,18.6100,18.3600,18.3800,12.5652,30074,0.0000,1.0000
2011-04-08,18.6000,18.6300,18.5100,18.5900,12.7087,34587,0.0000,1.0000
2011-04-07,18.5100,18.6400,18.5000,18.5100,12.6540,28862,0.0000,1.0000
2011-04-06,18.5600,18.6099,18.4700,18.5700,12.6951,19545,0.0000,1.0000
2011-04-05,18.6700,18.7570,18.4700,18.4700,12.6267,53086,0.0000,1.0000
2011-04-04,18.8000,18.8200,18.6800,18.6900,12.7771,37221,0.0000,1.0000
2011-04-01,18.7000,18.7300,18.6300,18.7300,12.8044,43017,0.0000,1.0000
2011-03-31,18.6400,18.6694,18.5400,18.6300,12.7361,25906,0.0000,1.0000
2011-03-30,18.4500,18.6300,18.4500,18.5964,12.7131,31995,0.0000,1.0000
2011-03-29,18.5000,18.5900,18.3700,18.4199,12.5924,35310,0.0000,1.0000
2011-03-28,18.3800,18.4900,18.3600,18.4800,12.6335,57891,0.0000,1.0000
2011-03-25,18.3400,18.4000,18.2100,18.4000,12.5788,35697,0.0000,1.0000
2011-03-24,18.2400,18.5200,18.2400,18.3400,12.5378,57704,0.0000,1.0000
2011-03-23,18.2800,18.3200,18.2100,18.2600,12.4831,34498,0.0000,1.0000
2011-03-22,18.3000,18.3500,18.1500,18.2700,12.4900,49499,0.1033,1.0000
2011-03-21,18.3800,18.4600,18.2900,18.4400,12.5353,50767,0.0000,1.0000
2011-03-18,18.2700,18.3800,18.2141,18.3400,12.4673,27916,0.0000,1.0000
2011-03-17,18.1700,18.2200,18.1400,18.1600,12.3450,37365,0.0000,1.0000
2011-03-16,18.2900,18.4000,18.0500,18.1000,12.3042,39257,0.0000,1.0000
2011-03-15,18.1000,18.2400,18.0600,18.2400,12.3993,38510,0.0000,1.0000
2011-03-14,18.4300,18.4500,18.2100,18.2250,12.3891,47607,0.0000,1.0000
2011-03-11,18.4500,18.4900,18.3500,18.3600,12.4809,39685,0.0000,1.0000
2011-03-10,18.4700,18.4900,18.3200,18.3800,12.4945,54615,0.0000,1.0000
2011-03-09,18.4700,18.5300,18.3500,18.4500,12.5421,66520,0.0000,1.0000
2011-03-08,18.4000,18.4900,18.3500,18.4199,12.5216,58643,0.0000,1.0000
2011-03-07,18.3800,18.4100,18.2600,18.3350,12.4639,45438,0.0000,1.0000
2011-03-04,18.3700,18.4160,18.2000,18.3100,12.4469,43219,0.0000,1.0000
2011-03-03,18.5500,18.5500,18.2600,18.3000,12.4401,59580,0.0000,1.0000
2011-03-02,18.5200,18.5300,18.4300,18.4900,12.5693,28055,0.0000,1.0000
2011-03-01,18.3800,18.5000,18.3600,18.4600,12.5489,74554,0.0000,1.0000
2011-02-28,18.3000,18.3900,18.2518,18.3000,12.4401,50409,0.0000,1.0000
2011-02-25,18.3700,18.4100,18.1800,18.2100,12.3789,54485,0.0000,1.0000
2011-02-24,18.1100,18.3700,18.1100,18.3625,12.4826,48111,0.0000,1.0000
2011-02-23,18.1200,18.2500,18.0300,18.1200,12.3178,48586,0.0000,1.0000
2011-02-22,18.3200,18.3200,17.9000,18.0500,12.2702,68605,0.0000,1.0000
2011-02-18,18.3500,18.3700,18.1900,18.3200,12.4537,50697,0.0000,1.0000
2011-02-17,18.3000,18.3500,18.2500,18.3200,12.4537,62163,0.0000,1.0000
2011-02-16,18.1900,18.3400,18.1718,18.2800,12.4265,51771,0.1033,1.0000
2011-02-15,18.3000,18.3200,18.2080,18.2600,12.3432,54238,0.0000,1.0000
2011-02-14,18.2000,18.2900,18.1800,18.2500,12.3364,40840,0.0000,1.0000
2011-02-11,18.2000,18.3800,18.2000,18.2500,12.3364,70256,0.0000,1.0000
2011-02-10,18.2500,18.2800,18.1900,18.2200,12.3161,56962,0.0000,1.0000
2011-02-09,18.1700,18.2500,18.1533,18.2200,12.3161,43765,0.0000,1.0000
2011-02-08,18.0400,18.2000,18.0100,18.2000,12.3026,66462,0.0000,1.0000
2011-02-07,18.0300,18.1600,18.0100,18.0300,12.1877,66705,0.0000,1.0000
2011-02-04,18.0300,18.1100,18.0000,18.1100,12.2418,62059,0.0000,1.0000
2011-02-03,18.1300,18.2400,18.0300,18.1000,12.2350,59032,0.0000,1.0000
2011-02-02,18.1800,18.2900,18.0700,18.1900,12.2958,55396,0.0000,1.0000
2011-02-01,18.0400,18.2000,17.9700,18.1700,12.2823,96590,0.0000,1.0000
2011-01-31,18.1700,18.1700,17.9600,17.9700,12.1471,56431,0.0000,1.0000
2011-01-28,18.1200,18.1500,18.0630,18.1100,12.2418,63671,0.0000,1.0000
2011-01-27,18.2700,18.2700,18.0500,18.0500,12.2012,45340,0.0000,1.0000
2011-01-26,18.2500,18.3481,18.2000,18.2000,12.3026,79131,0.0000,1.0000
2011-01-25,18.2500,18.2900,18.0800,18.2500,12.3364,78642,0.0000,1.0000
2011-01-24,17.9400,18.2500,17.9400,18.2400,12.3296,60930,0.0000,1.0000
2011-01-21,17.8200,18.0400,17.7500,18.0400,12.1944,115437,0.0000,1.0000
2011-01-20,17.4000,17.8900,17.4000,17.8200,12.0457,113982,0.1033,1.0000
2011-01-19,17.9000,17.9300,17.7100,17.7400,11.9225,172129,0.0000,1.0000
2011-01-18,17.6700,17.9600,17.5500,17.9600,12.0704,69811,0.0000,1.0000
2011-01-14,17.9400,17.9600,17.3900,17.6699,11.8754,228710,0.0000,1.0000
2011-01-13,18.2600,18.2600,17.9200,18.0600,12.1376,184120,0.0000,1.0000
2011-01-12,18.6000,18.6000,18.1800,18.1800,12.2182,132193,0.0000,1.0000
2011-01-11,18.7700,18.8500,18.5300,18.5800,12.4871,111565,0.0000,1.0000
2011-01-10,18.9300,18.9300,18.7100,18.8600,12.6752,34442,0.0000,1.0000
2011-01-07,19.0700,19.0700,18.8500,18.8800,12.6887,46732,0.0000,1.0000
2011-01-06,18.9500,19.1000,18.8400,19.0300,12.7895,40100,0.0000,1.0000
2011-01-05,19.0600,19.0600,18.8400,18.8700,12.6820,68475,0.0000,1.0000
2011-01-04,19.0200,19.1054,18.9500,19.0200,12.7828,48095,0.0000,1.0000
2011-01-03,19.0100,19.1150,18.8000,19.1000,12.8365,50939,0.0000,1.0000
2010-12-31,18.8300,19.1300,18.7200,19.0900,12.8298,97326,0.0000,1.0000
2010-12-30,18.7300,18.8500,18.6300,18.8300,12.6551,68240,0.0000,1.0000
2010-12-29,18.5400,18.9500,18.5300,18.7300,12.5879,68095,0.0000,1.0000
2010-12-28,18.7500,18.7800,18.5600,18.7000,12.5677,97773,0.0000,1.0000
2010-12-27,18.7500,18.8700,18.6100,18.8700,12.6820,112313,0.0000,1.0000
2010-12-23,18.6700,18.9250,18.5200,18.7200,12.5811,166433,0.0000,1.0000
2010-12-22,18.6800,18.8800,18.5501,18.7550,12.6047,95784,0.0000,1.0000
2010-12-21,19.0300,19.0900,18.5790,18.5790,12.4864,96904,0.2284,1.0000
2010-12-20,19.5000,19.5000,18.9600,18.9700,12.5943,111502,0.0000,1.0000
2010-12-17,19.3000,19.5000,19.1800,19.5000,12.9462,106326,0.0000,1.0000
2010-12-16,19.0400,19.3700,18.9400,19.3200,12.8267,128937,0.0000,1.0000
2010-12-15,18.5300,18.9700,18.3600,18.9000,12.5478,121555,0.0000,1.0000
2010-12-14,18.8500,18.9000,18.4201,18.5500,12.3155,131620,0.0000,1.0000
2010-12-13,18.8100,18.9800,18.5100,18.7900,12.4748,107582,0.0000,1.0000
2010-12-10,19.1300,19.1300,18.7900,18.9700,12.5943,118859,0.0000,1.0000
2010-12-09,19.1100,19.2100,18.8000,19.1100,12.6873,125772,0.0000,1.0000
2010-12-08,19.4000,19.5000,19.1000,19.2000,12.7470,56849,0.0000,1.0000
2010-12-07,19.8000,19.8581,19.2300,19.4000,12.8798,128870,0.0000,1.0000
2010-12-06,20.1000,20.2300,19.8500,19.9400,13.2383,49496,0.0000,1.0000
2010-12-03,20.2600,20.4200,20.0800,20.1200,13.3578,34261,0.0000,1.0000
2010-12-02,20.4500,20.4700,19.8000,20.1420,13.3724,64483,0.0000,1.0000
2010-12-01,20.9700,20.9700,20.4200,20.4300,13.5636,66739,0.0000,1.0000
2010-11-30,20.5900,20.9700,20.5900,20.7900,13.8026,51494,0.0000,1.0000
2010-11-29,20.4900,20.6400,20.4100,20.6000,13.6765,38366,0.0000,1.0000
2010-11-26,20.4200,20.5000,20.3800,20.5000,13.6101,7877,0.0000,1.0000
2010-11-24,20.3000,20.4200,20.1700,20.3800,13.5304,40865,0.0000,1.0000
2010-11-23,20.3300,20.3700,20.0200,20.2800,13.4640,48486,0.0000,1.0000
2010-11-22,20.4200,20.6000,20.2700,20.3700,13.5238,71761,0.0000,1.0000
2010-11-19,20.2700,20.5900,20.0000,20.2900,13.4707,89598,0.1033,1.0000
2010-11-18,20.2500,20.2500,20.2500,20.2500,13.3760,56500,0.0000,1.0000
2010-11-17,19.8800,20.4700,19.7300,20.2500,13.3760,97250,0.0000,1.0000
2010-11-16,18.8600,20.1500,18.8600,19.8300,13.0986,184186,0.0000,1.0000
2010-11-15,20.9200,20.9200,19.5000,19.5600,12.9202,222281,0.0000,1.0000
2010-11-12,20.6400,21.0900,20.3400,20.7300,13.6931,63778,0.0000,1.0000
2010-11-11,21.3000,21.3000,20.6500,20.6600,13.6468,127028,0.0000,1.0000
2010-11-10,21.6100,21.6100,20.8200,21.2000,14.0035,92105,0.0000,1.0000
2010-11-09,21.9500,21.9800,21.4200,21.5000,14.2017,33599,0.0000,1.0000
2010-11-08,22.0000,22.1200,21.6400,21.9000,14.4659,73726,0.0000,1.0000
2010-11-05,22.0900,22.1800,21.8800,21.9900,14.5253,44293,0.0000,1.0000
2010-11-04,21.8600,22.0900,21.6900,22.0900,14.5914,45433,0.0000,1.0000
2010-11-03,21.7400,21.8300,21.6600,21.8100,14.4064,40874,0.0000,1.0000
2010-11-02,21.6800,21.7200,21.5600,21.7200,14.3470,30957,0.0000,1.0000
2010-11-01,21.7500,21.7500,21.5500,21.6000,14.2677,41627,0.0000,1.0000
2010-10-29,21.7800,21.7800,21.5600,21.7000,14.3338,30765,0.0000,1.0000
2010-10-28,21.5600,21.8900,21.5600,21.7800,14.3866,47798,0.0000,1.0000
2010-10-27,21.7200,21.7800,21.4700,21.4700,14.1819,52416,0.0000,1.0000
2010-10-26,21.5700,21.8500,21.5101,21.6700,14.3140,78775,0.0000,1.0000
2010-10-25,21.7500,21.7600,21.4600,21.4800,14.1885,32513,0.0000,1.0000
2010-10-22,21.7200,21.7799,21.6100,21.6900,14.3272,37851,0.0000,1.0000
2010-10-21,21.6000,21.6700,21.4900,21.6700,14.3140,43469,0.0000,1.0000
2010-10-20,21.5000,21.6000,21.3900,21.4900,14.1951,45353,0.1033,1.0000
2010-10-19,21.5000,21.5700,21.4800,21.5602,14.1733,32605,0.0000,1.0000
2010-10-18,21.5300,21.5900,21.4100,21.4100,14.0745,42891,0.0000,1.0000
2010-10-15,21.5400,21.5600,21.3800,21.4600,14.1074,36684,0.0000,1.0000
2010-10-14,21.6200,21.6300,21.4100,21.4400,14.0943,30830,0.0000,1.0000
2010-10-13,21.6400,21.6700,21.5400,21.5400,14.1600,35269,0.0000,1.0000
2010-10-12,21.5900,21.6700,21.5100,21.5900,14.1929,33613,0.0000,1.0000
2010-10-11,21.5200,21.5900,21.4800,21.5400,14.1600,26488,0.0000,1.0000
2010-10-08,21.4100,21.5100,21.4100,21.4899,14.1271,34606,0.0000,1.0000
2010-10-07,21.5000,21.5400,21.2500,21.4100,14.0745,67704,0.0000,1.0000
2010-10-06,21.5000,21.5600,21.4200,21.4800,14.1206,49624,0.0000,1.0000
2010-10-05,21.6300,21.6300,21.4400,21.4900,14.1271,38102,0.0000,1.0000
2010-10-04,21.6800,21.6900,21.5500,21.6000,14.1994,32338,0.0000,1.0000
2010-10-01,21.6300,21.6300,21.4600,21.6100,14.2060,26630,0.0000,1.0000
2010-09-30,21.4700,21.5800,21.4600,21.5400,14.1600,49790,0.0000,1.0000
2010-09-29,21.3200,21.4800,21.3100,21.3700,14.0482,39530,0.0000,1.0000
2010-09-28,21.3500,21.4700,21.2300,21.3900,14.0614,67723,0.0000,1.0000
2010-09-27,21.6400,21.7100,21.2900,21.2900,13.9957,75359,0.0000,1.0000
2010-09-24,21.7300,21.7300,21.5760,21.6000,14.1994,51508,0.0000,1.0000
2010-09-23,21.5500,21.6900,21.5300,21.6900,14.2586,36446,0.0000,1.0000
2010-09-22,21.5100,21.5900,21.4300,21.5200,14.1469,45738,0.0000,1.0000
2010-09-21,21.4000,21.5700,21.4000,21.4300,14.0877,43829,0.1033,1.0000
2010-09-20,21.3600,21.7100,21.3500,21.5200,14.0790,73606,0.0000,1.0000
2010-09-17,21.3300,21.4100,21.2200,21.2800,13.9220,91139,0.0000,1.0000
2010-09-16,21.2000,21.3405,21.2000,21.2500,13.9023,52639,0.0000,1.0000
2010-09-15,21.8000,21.8000,21.0900,21.1300,13.8238,151752,0.0000,1.0000
2010-09-14,21.7500,21.7900,21.6500,21.7000,14.1967,43954,0.0000,1.0000
2010-09-13,21.9600,22.0600,21.6300,21.7100,14.2033,98308,0.0000,1.0000
2010-09-10,21.8800,22.0000,21.8500,21.9900,14.3865,54062,0.0000,1.0000
2010-09-09,21.8700,21.8700,21.7500,21.8700,14.3079,26947,0.0000,1.0000
2010-09-08,22.0000,22.0000,21.7000,21.7800,14.2491,97772,0.0000,1.0000
2010-09-07,22.1400,22.1600,21.8700,21.9900,14.3865,81437,0.0000,1.0000
2010-09-03,21.9500,22.1400,21.9000,22.1400,14.4846,56774,0.0000,1.0000
2010-09-02,21.8400,22.0900,21.8100,21.9300,14.3472,78958,0.0000,1.0000
2010-09-01,21.7700,21.8200,21.6200,21.7700,14.2425,65594,0.0000,1.0000
2010-08-31,21.6300,21.7700,21.5200,21.7000,14.1967,112555,0.0000,1.0000
2010-08-30,21.9500,21.9700,21.5300,21.7506,14.2298,117228,0.0000,1.0000
2010-08-27,21.8500,22.0000,21.8100,21.9000,14.3276,58788,0.0000,1.0000
2010-08-26,21.7800,21.9600,21.7800,21.9100,14.3341,53262,0.0000,1.0000
2010-08-25,21.6300,21.8400,21.5100,21.6800,14.1836,69301,0.0000,1.0000
2010-08-24,21.6000,21.7400,21.5000,21.5001,14.0659,64809,0.0000,1.0000
2010-08-23,21.7100,21.7100,21.5500,21.6000,14.1313,47535,0.0000,1.0000
2010-08-20,21.4800,21.5900,21.3500,21.5700,14.1117,69977,0.1033,1.0000
2010-08-19,21.7900,21.8700,21.5800,21.5900,14.0574,73512,0.0000,1.0000
2010-08-18,21.7500,21.7900,21.6000,21.6700,14.1095,58324,0.0000,1.0000
2010-08-17,21.4600,21.7700,21.4600,21.7100,14.1356,52072,0.0000,1.0000
2010-08-16,21.3300,21.5400,21.1600,21.5400,14.0249,48899,0.0000,1.0000
2010-08-13,21.3400,21.4800,21.2500,21.2800,13.8556,66514,0.0000,1.0000
2010-08-12,21.3600,21.3700,21.2100,21.2800,13.8556,39871,0.0000,1.0000
2010-08-11,21.0500,21.3000,21.0400,21.3000,13.8686,51715,0.0000,1.0000
2010-08-10,21.1000,21.1900,21.0200,21.1400,13.7644,71737,0.0000,1.0000
2010-08-09,21.3300,21.4500,21.1001,21.1824,13.7920,99314,0.0000,1.0000
2010-08-06,21.4400,21.4900,21.3300,21.4200,13.9467,39310,0.0000,1.0000
2010-08-05,21.3100,21.4200,21.2800,21.4000,13.9337,45680,0.0000,1.0000
2010-08-04,21.3100,21.3500,21.2400,21.3500,13.9012,46147,0.0000,1.0000
2010-08-03,21.1300,21.2800,21.0675,21.2800,13.8556,59798,0.0000,1.0000
2010-08-02,21.1200,21.1700,20.9700,21.0700,13.7188,115491,0.0000,1.0000
2010-07-30,21.0300,21.1000,20.9200,21.0600,13.7123,59866,0.0000,1.0000
2010-07-29,20.9700,21.0500,20.8500,20.9900,13.6668,56735,0.0000,1.0000
2010-07-28,20.6800,20.9800,20.5600,20.9500,13.6407,69229,0.0000,1.0000
2010-07-27,20.7000,20.7099,20.5100,20.6400,13.4389,81308,0.0000,1.0000
2010-07-26,20.7000,20.7500,20.5600,20.6700,13.4584,53580,0.0000,1.0000
2010-07-23,20.5000,20.7000,20.4600,20.6700,13.4584,76125,0.0000,1.0000
2010-07-22,21.0000,21.0500,20.4700,20.6000,13.4128,140219,0.0000,1.0000
2010-07-21,20.7000,20.9200,20.6500,20.9000,13.6082,60656,0.1033,1.0000
2010-07-20,20.6900,20.8100,20.5200,20.8100,13.4829,39449,0.0000,1.0000
2010-07-19,20.5600,20.6600,20.4700,20.6600,13.3857,46095,0.0000,1.0000
2010-07-16,20.5400,20.6900,20.3800,20.5500,13.3144,73948,0.0000,1.0000
2010-07-15,20.3800,20.5300,20.3500,20.5300,13.3015,49100,0.0000,1.0000
2010-07-14,20.2500,20.3500,20.2419,20.3500,13.1849,52514,0.0000,1.0000
2010-07-13,20.3400,20.3500,20.1600,20.2200,13.1006,108369,0.0000,1.0000
2010-07-12,20.2500,20.3200,20.2400,20.2900,13.1460,25966,0.0000,1.0000
2010-07-09,20.2600,20.3014,20.1900,20.3000,13.1525,29049,0.0000,1.0000
2010-07-08,20.1900,20.2400,20.1700,20.2300,13.1071,27991,0.0000,1.0000
2010-07-07,20.3900,20.3900,20.1100,20.1500,13.0553,94098,0.0000,1.0000
2010-07-06,20.3500,20.3870,20.2400,20.3700,13.1978,43581,0.0000,1.0000
2010-07-02,20.3500,20.3800,20.2500,20.2800,13.1395,12395,0.0000,1.0000
2010-07-01,20.2500,20.3400,20.1700,20.3300,13.1719,35972,0.0000,1.0000
2010-06-30,20.1900,20.2600,20.0300,20.1900,13.0812,58859,0.0000,1.0000
2010-06-29,20.4100,20.4600,20.1200,20.1800,13.0747,80255,0.0000,1.0000
2010-06-28,20.3300,20.4100,20.2765,20.4100,13.2237,42514,0.0000,1.0000
2010-06-25,20.2500,20.2500,20.1300,20.2500,13.1201,29433,0.0000,1.0000
2010-06-24,20.2800,20.3300,20.1600,20.2300,13.1071,46522,0.0000,1.0000
2010-06-23,20.1300,20.2800,20.1300,20.2400,13.1136,56896,0.0000,1.0000
2010-06-22,20.1500,20.2400,20.0600,20.2200,13.1006,58240,0.0000,1.0000
2010-06-21,20.2000,20.2100,20.0200,20.1500,13.0553,88936,0.1033,1.0000
2010-06-18,20.1500,20.1700,20.0400,20.1400,12.9822,38331,0.0000,1.0000
2010-06-17,20.1500,20.1999,20.0500,20.0700,12.9371,52016,0.0000,1.0000
2010-06-16,20.2400,20.2400,20.1300,20.1400,12.9822,33947,0.0000,1.0000
2010-06-15,20.2500,20.3100,20.1100,20.1800,13.0080,104185,0.0000,1.0000
2010-06-14,20.2600,20.3400,20.2100,20.2300,13.0402,54683,0.0000,1.0000
2010-06-11,20.3500,20.3900,20.2260,20.2600,13.0596,54292,0.0000,1.0000
2010-06-10,20.4900,20.4900,20.3340,20.3500,13.1176,45238,0.0000,1.0000
2010-06-09,20.4000,20.5000,20.3200,20.3801,13.1370,29613,0.0000,1.0000
2010-06-08,20.2500,20.4300,20.2500,20.4199,13.1626,33662,0.0000,1.0000
2010-06-07,20.5400,20.6600,20.3100,20.3200,13.0982,88585,0.0000,1.0000
2010-06-04,20.5400,20.7400,20.5300,20.5700,13.2594,32184,0.0000,1.0000
2010-06-03,20.4100,20.5700,20.3330,20.5700,13.2594,47051,0.0000,1.0000
2010-06-02,20.2700,20.4150,20.2700,20.4100,13.1563,52079,0.0000,1.0000
2010-06-01,20.2700,20.4300,20.2700,20.3700,13.1305,29868,0.0000,1.0000
2010-05-28,20.5300,20.5300,20.3100,20.3500,13.1176,28687,0.0000,1.0000
2010-05-27,20.6100,20.6900,20.4300,20.4300,13.1692,53384,0.0000,1.0000
2010-05-26,20.5100,20.7800,20.4600,20.4800,13.2014,55903,0.0000,1.0000
2010-05-25,20.2000,20.5300,20.2000,20.4600,13.1885,79813,0.0000,1.0000
2010-05-24,20.5500,20.6500,20.5500,20.5500,13.2465,27824,0.0000,1.0000
2010-05-21,20.7500,20.7750,20.5000,20.5500,13.2465,49967,0.0000,1.0000
2010-05-20,20.6700,20.9500,20.5000,20.9500,13.5043,40615,0.0000,1.0000
2010-05-19,20.9900,21.0700,20.7900,20.9000,13.4721,51591,0.1033,1.0000
2010-05-18,20.9200,21.1900,20.7730,21.1900,13.5918,59963,0.0000,1.0000
2010-05-17,20.9300,20.9700,20.7300,20.9400,13.4315,29558,0.0000,1.0000
2010-05-14,20.8700,21.3000,20.8000,20.9700,13.4507,64245,0.0000,1.0000
2010-05-13,21.0500,21.1000,20.8600,21.0000,13.4700,30044,0.0000,1.0000
2010-05-12,21.1500,21.2000,20.8600,21.1855,13.5890,43674,0.0000,1.0000
2010-05-11,20.5500,21.1500,20.4500,21.1500,13.5662,46370,0.0000,1.0000
2010-05-10,20.4600,21.2500,20.4000,20.5000,13.1493,105700,0.0000,1.0000
2010-05-07,20.4000,20.5600,20.2500,20.3300,13.0402,51462,0.0000,1.0000
2010-05-06,20.5600,20.6001,20.4000,20.4000,13.0851,44521,0.0000,1.0000
2010-05-05,20.5500,20.6260,20.4900,20.5900,13.2070,37756,0.0000,1.0000
2010-05-04,20.4900,20.5800,20.4800,20.5300,13.1685,25704,0.0000,1.0000
2010-05-03,20.3600,20.5700,20.3300,20.5164,13.1598,55152,0.0000,1.0000
2010-04-30,20.3200,20.3340,20.2600,20.2900,13.0146,29257,0.0000,1.0000
2010-04-29,20.3500,20.3700,20.2960,20.3200,13.0338,42565,0.0000,1.0000
2010-04-28,20.2800,20.3400,20.2400,20.3200,13.0338,74210,0.0000,1.0000
2010-04-27,20.5700,20.5800,20.2700,20.2930,13.0165,103653,0.0000,1.0000
2010-04-26,20.5000,20.5000,20.4000,20.4000,13.0851,34796,0.0000,1.0000
2010-04-23,20.3400,20.5300,20.3180,20.4600,13.1236,75585,0.0000,1.0000
2010-04-22,20.3100,20.4600,20.3100,20.3700,13.0659,39605,0.0000,1.0000
2010-04-21,20.3000,20.4000,20.3000,20.3700,13.0659,83046,0.1033,1.0000
2010-04-20,20.4346,20.4346,20.4346,20.4346,13.0412,73600,0.0000,1.0000
2010-04-19,20.3700,20.4500,20.3000,20.4346,13.0412,36752,0.0000,1.0000
2010-04-16,20.3500,20.3800,20.2700,20.3201,12.9681,22778,0.0000,1.0000
2010-04-15,20.4900,20.4900,20.2800,20.3000,12.9553,91277,0.0000,1.0000
2010-04-14,20.3500,20.4699,20.3000,20.4507,13.0514,42085,0.0000,1.0000
2010-04-13,20.4000,20.4700,20.3300,20.3600,12.9935,50106,0.0000,1.0000
2010-04-12,20.3600,20.4200,20.3190,20.3758,13.0036,31968,0.0000,1.0000
2010-04-09,20.3100,20.3300,20.2800,20.2800,12.9425,11895,0.0000,1.0000
2010-04-08,20.2601,20.3300,20.2306,20.2500,12.9233,35215,0.0000,1.0000
2010-04-07,20.2900,20.3200,20.2100,20.2700,12.9361,38415,0.0000,1.0000
2010-04-06,20.2600,20.3500,20.1900,20.2150,12.9010,51762,0.0000,1.0000
2010-04-05,20.3600,20.4300,20.2600,20.2700,12.9361,41230,0.0000,1.0000
2010-04-01,20.3200,20.4300,20.2700,20.4000,13.0191,28400,0.0000,1.0000
2010-03-31,20.4500,20.4500,20.2000,20.2601,12.9298,64796,0.0000,1.0000
2010-03-30,20.3400,20.4200,20.2100,20.3800,13.0063,54862,0.0000,1.0000
2010-03-29,20.1700,20.2900,20.1700,20.2900,12.9489,58714,0.0000,1.0000
2010-03-26,20.1900,20.2500,20.1100,20.1900,12.8851,71989,0.0000,1.0000
2010-03-25,20.2300,20.3000,20.2100,20.2100,12.8978,53211,0.0000,1.0000
2010-03-24,20.2900,20.3900,20.2100,20.2374,12.9153,52855,0.0000,1.0000
2010-03-23,20.3300,20.3900,20.1300,20.2200,12.9042,64338,0.0000,1.0000
2010-03-22,20.1800,20.6800,20.0800,20.2900,12.9489,72626,0.1033,1.0000
2010-03-19,20.1000,20.1000,20.1000,20.1000,12.7626,32300,0.0000,1.0000
2010-03-18,20.1100,20.1700,20.0900,20.1000,12.7626,41540,0.0000,1.0000
2010-03-17,20.1300,20.2000,20.0700,20.0700,12.7436,51613,0.0000,1.0000
2010-03-16,20.1300,20.2800,20.1000,20.1105,12.7693,108641,0.0000,1.0000
2010-03-15,20.2800,20.3500,20.1100,20.1505,12.7947,69572,0.0000,1.0000
2010-03-12,20.4000,20.4000,20.2000,20.2600,12.8642,53400,0.0000,1.0000
2010-03-11,20.5400,20.5400,20.3080,20.3600,12.9277,46507,0.0000,1.0000
2010-03-10,20.6300,20.6400,20.2600,20.5400,13.0420,86125,0.0000,1.0000
2010-03-09,20.6300,20.6770,20.3400,20.5500,13.0484,37638,0.0000,1.0000
2010-03-08,20.4700,20.4900,20.3000,20.4900,13.0103,45451,0.0000,1.0000
2010-03-05,20.3000,20.3900,20.2500,20.3800,12.9404,28994,0.0000,1.0000
2010-03-04,20.1300,20.4000,20.0500,20.2700,12.8706,56406,0.0000,1.0000
2010-03-03,20.1100,20.1500,20.0100,20.0500,12.7309,80847,0.0000,1.0000
2010-03-02,20.0400,20.1200,19.9600,20.0500,12.7309,72678,0.0000,1.0000
2010-03-01,20.1700,20.2000,20.0200,20.0500,12.7309,63404,0.0000,1.0000
2010-02-26,20.1300,20.2450,20.0500,20.0500,12.7309,64760,0.0000,1.0000
2010-02-25,20.1100,20.2000,19.9300,20.0800,12.7499,86114,0.0000,1.0000
2010-02-24,20.0300,20.2500,20.0300,20.1000,12.7626,51309,0.0000,1.0000
2010-02-23,20.4200,20.4200,20.0100,20.0500,12.7309,77464,0.0000,1.0000
2010-02-22,20.0300,20.4000,20.0300,20.2400,12.8515,81379,0.0000,1.0000
2010-02-19,20.0800,20.4500,20.0200,20.0200,12.7118,83005,0.0000,1.0000
2010-02-18,20.1400,20.1900,20.0200,20.1900,12.8198,68202,0.0000,1.0000
2010-02-17,20.1700,20.1800,20.0000,20.0500,12.7309,76561,0.1033,1.0000
2010-02-16,20.1000,20.1900,20.0600,20.1800,12.7477,51400,0.0000,1.0000
2010-02-12,19.9900,20.1600,19.9900,20.1000,12.6972,67289,0.0000,1.0000
2010-02-11,20.0300,20.1900,19.9800,20.1900,12.7540,77136,0.0000,1.0000
2010-02-10,20.0400,20.0600,19.9300,19.9700,12.6151,35758,0.0000,1.0000
2010-02-09,19.9900,20.1001,19.9400,19.9500,12.6024,70589,0.0000,1.0000
2010-02-08,19.8400,19.9940,19.7800,19.9900,12.6277,50473,0.0000,1.0000
2010-02-05,19.7200,20.0600,19.7200,19.8200,12.5203,34277,0.0000,1.0000
2010-02-04,20.0400,20.1100,19.7100,19.7100,12.4508,60610,0.0000,1.0000
2010-02-03,20.0000,20.0700,19.9300,20.0400,12.6593,52715,0.0000,1.0000
2010-02-02,20.0800,20.0900,19.8100,20.0400,12.6593,45899,0.0000,1.0000
2010-02-01,19.9400,20.0900,19.9100,20.0400,12.6593,85539,0.0000,1.0000
2010-01-29,19.7200,19.9100,19.6300,19.9080,12.5759,48840,0.0000,1.0000
2010-01-28,19.8200,19.8200,19.6200,19.6680,12.4243,37674,0.0000,1.0000
2010-01-27,19.9700,19.9700,19.6700,19.7300,12.4635,92454,0.0000,1.0000
2010-01-26,19.8500,19.9500,19.8100,19.9500,12.6024,93989,0.0000,1.0000
2010-01-25,19.9600,19.9600,19.7200,19.8054,12.5111,87015,0.0000,1.0000
2010-01-22,19.9600,19.9900,19.8700,19.9200,12.5835,63628,0.0000,1.0000
2010-01-21,19.8100,19.9800,19.8100,19.9300,12.5898,86948,0.0000,1.0000
2010-01-20,19.9200,19.9500,19.7500,19.9000,12.5708,49993,0.1033,1.0000
2010-01-19,19.9800,19.9800,19.8100,19.9800,12.5562,63300,0.0000,1.0000
2010-01-15,19.9400,19.9700,19.8300,19.9300,12.5248,80780,0.0000,1.0000
2010-01-14,19.9100,19.9900,19.8100,19.9500,12.5373,80547,0.0000,1.0000
2010-01-13,19.8800,19.9300,19.7300,19.8400,12.4682,38023,0.0000,1.0000
2010-01-12,19.7300,19.9340,19.6600,19.7600,12.4179,77625,0.0000,1.0000
2010-01-11,19.8400,19.9700,19.6100,19.7100,12.3865,88413,0.0000,1.0000
2010-01-08,19.9000,20.0000,19.8800,20.0000,12.5687,89001,0.0000,1.0000
2010-01-07,19.7600,19.9000,19.7000,19.8800,12.4933,53594,0.0000,1.0000
2010-01-06,19.4400,19.7800,19.4400,19.7000,12.3802,78329,0.0000,1.0000
2010-01-05,19.3100,19.4300,19.2701,19.4000,12.1917,39448,0.0000,1.0000
2010-01-04,19.2000,19.2700,19.1400,19.2700,12.1100,40827,0.0000,1.0000
2009-12-31,19.2000,19.2201,19.1000,19.1700,12.0471,75450,0.0000,1.0000
2009-12-30,19.2400,19.3000,19.1000,19.1300,12.0220,56168,0.0000,1.0000
2009-12-29,19.3000,19.3000,19.1200,19.1875,12.0581,42230,0.0000,1.0000
2009-12-28,19.4000,19.4000,19.1200,19.2000,12.0660,77691,0.0000,1.0000
2009-12-24,19.4000,19.4000,19.3700,19.3750,12.1760,17047,0.0000,1.0000
2009-12-23,19.3000,19.4500,19.2500,19.3764,12.1769,55982,0.0000,1.0000
2009-12-22,19.4100,19.4700,19.2800,19.2800,12.1163,46989,0.1033,1.0000
2009-12-21,19.4100,19.5300,19.4100,19.4900,12.1829,31200,0.0785,1.0000
2009-12-18,19.4400,19.5400,19.4100,19.4800,12.1279,48300,0.0000,1.0000
2009-12-17,19.4700,19.5600,19.3600,19.3900,12.0718,47001,0.0000,1.0000
2009-12-16,19.5500,19.5600,19.4100,19.4600,12.1154,42982,0.0000,1.0000
2009-12-15,19.5300,19.6300,19.4400,19.4400,12.1029,33680,0.0000,1.0000
2009-12-14,19.6200,19.7600,19.5400,19.5800,12.1901,57018,0.0000,1.0000
2009-12-11,19.6900,19.7500,19.5300,19.7000,12.2648,66889,0.0000,1.0000
2009-12-10,19.7100,19.7800,19.6500,19.7700,12.3084,16107,0.0000,1.0000
2009-12-09,19.6700,19.7300,19.5400,19.6500,12.2337,23936,0.0000,1.0000
2009-12-08,19.6600,19.7500,19.2400,19.6200,12.2150,81027,0.0000,1.0000
2009-12-07,19.3700,19.5700,19.3400,19.3800,12.0656,27357,0.0000,1.0000
2009-12-04,19.5200,19.6300,19.3800,19.4200,12.0905,36289,0.0000,1.0000
2009-12-03,19.4900,19.5300,19.4000,19.4500,12.1092,18915,0.0000,1.0000
2009-12-02,19.4400,19.4500,19.1800,19.3500,12.0469,36453,0.0000,1.0000
2009-12-01,19.1200,19.4900,19.1200,19.3600,12.0531,54363,0.0000,1.0000
2009-11-30,19.3300,19.3300,19.0600,19.1400,11.9162,62965,0.0000,1.0000
2009-11-27,19.2500,19.3300,19.2200,19.2500,11.9847,12586,0.0000,1.0000
2009-11-25,19.2900,19.4000,19.2500,19.2500,11.9847,30400,0.0000,1.0000
2009-11-24,19.3000,19.4900,19.2100,19.3700,12.0594,47309,0.0000,1.0000
2009-11-23,19.3500,19.4604,19.2100,19.2300,11.9722,39520,0.0000,1.0000
2009-11-20,19.1300,19.4000,19.1300,19.2700,11.9971,15951,0.0000,1.0000
2009-11-19,19.5000,19.5000,19.2200,19.3000,12.0158,19380,0.1033,1.0000
2009-11-18,19.5400,19.5400,19.5400,19.5400,12.1004,51500,0.0000,1.0000
2009-11-17,19.5100,19.6000,19.5000,19.5400,12.1004,34740,0.0000,1.0000
2009-11-16,19.5100,19.7299,19.5100,19.6100,12.1438,28391,0.0000,1.0000
2009-11-13,19.4300,19.8100,19.4300,19.5700,12.1190,33213,0.0000,1.0000
2009-11-12,19.7500,19.7500,19.4700,19.5000,12.0756,28758,0.0000,1.0000
2009-11-11,19.6400,19.7500,19.6400,19.6610,12.1753,13553,0.0000,1.0000
2009-11-10,19.8600,19.8600,19.6800,19.7100,12.2057,56232,0.0000,1.0000
2009-11-09,19.6900,19.7500,19.6000,19.7300,12.2181,28170,0.0000,1.0000
2009-11-06,19.9500,19.9500,19.6100,19.6700,12.1809,48681,0.0000,1.0000
2009-11-05,19.8700,19.9800,19.6600,19.9700,12.3667,38207,0.0000,1.0000
2009-11-04,19.5800,19.9220,19.5800,19.7400,12.2243,54659,0.0000,1.0000
2009-11-03,19.9000,19.9000,19.6500,19.6600,12.1747,49051,0.0000,1.0000
2009-11-02,19.6500,19.9409,19.6100,19.7500,12.2305,35165,0.0000,1.0000
2009-10-30,19.6800,19.7300,19.4200,19.6500,12.1685,75071,0.0000,1.0000
2009-10-29,19.6700,19.7201,19.5600,19.6800,12.1871,46337,0.0000,1.0000
2009-10-28,19.7200,19.8500,19.4900,19.6800,12.1871,59705,0.0000,1.0000
2009-10-27,19.9000,19.9300,19.7800,19.7800,12.2490,36504,0.0000,1.0000
2009-10-26,19.9500,19.9500,19.7100,19.8300,12.2800,27813,0.0000,1.0000
2009-10-23,19.9900,19.9900,19.6600,19.7800,12.2490,43721,0.0000,1.0000
2009-10-22,19.9400,20.0000,19.7100,19.9100,12.3295,81181,0.0000,1.0000
2009-10-21,19.8800,19.9646,19.7400,19.9501,12.3544,46310,0.1033,1.0000
2009-10-20,19.9900,19.9900,19.9900,19.9900,12.3153,78800,0.0000,1.0000
2009-10-19,19.7500,20.0000,19.6999,19.9900,12.3153,64860,0.0000,1.0000
2009-10-16,19.6600,19.6700,19.5800,19.6680,12.1169,55439,0.0000,1.0000
2009-10-15,19.9900,19.9900,19.5700,19.6600,12.1120,56749,0.0000,1.0000
2009-10-14,20.1300,20.2200,19.8000,19.9100,12.2660,85942,0.0000,1.0000
2009-10-13,20.0800,20.2700,20.0500,20.1400,12.4077,80014,0.0000,1.0000
2009-10-12,20.2800,20.2800,19.9000,20.0100,12.3276,45239,0.0000,1.0000
2009-10-09,20.4400,20.4400,20.1000,20.1900,12.4385,59457,0.0000,1.0000
2009-10-08,20.2600,20.4700,20.2000,20.4000,12.5679,101443,0.0000,1.0000
2009-10-07,20.4000,20.4000,20.1200,20.2600,12.4816,111843,0.0000,1.0000
2009-10-06,20.1000,20.3900,20.0700,20.3100,12.5124,89869,0.0000,1.0000
2009-10-05,20.1100,20.1100,20.0468,20.1000,12.3831,53408,0.0000,1.0000
2009-10-02,19.9200,20.2000,19.9200,20.1100,12.3892,109494,0.0000,1.0000
2009-10-01,19.9500,20.0500,19.8900,20.0200,12.3338,118955,0.0000,1.0000
2009-09-30,19.8000,20.0000,19.7900,19.8800,12.2475,66339,0.0000,1.0000
2009-09-29,19.7900,19.8200,19.7200,19.8000,12.1982,55868,0.0000,1.0000
2009-09-28,19.7100,19.8800,19.6984,19.7600,12.1736,98028,0.0000,1.0000
2009-09-25,19.8800,19.8800,19.7045,19.7100,12.1428,59355,0.0000,1.0000
2009-09-24,19.9700,19.9700,19.7500,19.8100,12.2044,65907,0.0000,1.0000
2009-09-23,19.8000,20.0000,19.6700,19.8700,12.2414,63809,0.0000,1.0000
2009-09-22,19.8200,20.0000,19.6000,19.6700,12.1182,80119,0.0000,1.0000
2009-09-21,19.8500,19.9564,19.7400,19.8700,12.2414,51603,0.1033,1.0000
2009-09-18,19.8200,19.8200,19.8200,19.8200,12.1474,52300,0.0000,1.0000
2009-09-17,19.6800,19.8500,19.6800,19.8200,12.1474,87589,0.0000,1.0000
2009-09-16,19.7800,19.7800,19.5700,19.6500,12.0432,86644,0.0000,1.0000
2009-09-15,19.6300,19.7000,19.5300,19.7000,12.0738,62441,0.0000,1.0000
2009-09-14,19.4400,19.5490,19.4200,19.4800,11.9390,50257,0.0000,1.0000
2009-09-11,19.2800,19.4146,19.2500,19.3700,11.8716,63815,0.0000,1.0000
2009-09-10,19.3000,19.3000,19.1500,19.3000,11.8287,74512,0.0000,1.0000
2009-09-09,19.2800,19.2900,19.1500,19.2500,11.7980,50277,0.0000,1.0000
2009-09-08,19.2300,19.3000,19.2100,19.2500,11.7980,22998,0.0000,1.0000
2009-09-04,19.1500,19.1501,18.9300,19.1400,11.7306,39492,0.0000,1.0000
2009-09-03,19.1000,19.1100,18.9200,19.0400,11.6693,56486,0.0000,1.0000
2009-09-02,19.2000,19.2251,18.8600,18.9200,11.5958,60799,0.0000,1.0000
2009-09-01,18.7300,19.2000,18.7300,19.0800,11.6939,55901,0.0000,1.0000
2009-08-31,18.6100,19.1800,18.6100,18.9300,11.6019,44572,0.0000,1.0000
2009-08-28,18.5700,18.9233,18.5700,18.9000,11.5835,21844,0.0000,1.0000
2009-08-27,18.5200,18.7800,18.5200,18.6500,11.4303,34247,0.0000,1.0000
2009-08-26,18.6300,18.9000,18.4800,18.6154,11.4091,60223,0.0000,1.0000
2009-08-25,18.3800,18.5700,18.2700,18.5700,11.3813,61043,0.0000,1.0000
2009-08-24,18.3700,18.4200,18.3000,18.3201,11.2281,54095,0.0000,1.0000
2009-08-21,18.3400,18.6300,18.2100,18.3300,11.2342,66636,0.0000,1.0000
2009-08-20,18.6400,18.6800,18.1900,18.4300,11.2955,27340,0.1033,1.0000
2009-08-19,18.7300,18.7300,18.7300,18.7300,11.4153,19500,0.0000,1.0000
2009-08-18,18.4100,18.7500,18.4100,18.7300,11.4153,22672,0.0000,1.0000
2009-08-17,18.4500,18.5600,18.3200,18.4990,11.2746,28903,0.0000,1.0000
2009-08-14,18.4000,18.6400,18.4000,18.4100,11.2203,15178,0.0000,1.0000
2009-08-13,18.1900,18.6400,18.1900,18.4400,11.2386,22031,0.0000,1.0000
2009-08-12,18.1300,18.4648,18.1300,18.2700,11.1350,38136,0.0000,1.0000
2009-08-11,18.4000,18.4500,18.1000,18.2400,11.1167,40842,0.0000,1.0000
2009-08-10,18.3400,18.3699,17.9364,18.3699,11.1959,107730,0.0000,1.0000
2009-08-07,18.3000,18.3000,18.0800,18.1800,11.0801,39975,0.0000,1.0000
2009-08-06,18.9000,18.9000,18.1300,18.2500,11.1228,75725,0.0000,1.0000
2009-08-05,18.7000,18.7500,18.5300,18.6300,11.3544,62852,0.0000,1.0000
2009-08-04,19.3000,19.3000,18.7200,18.8700,11.5007,51687,0.0000,1.0000
2009-08-03,18.8500,19.3000,18.6500,19.2500,11.7323,51707,0.0000,1.0000
2009-07-31,18.7000,18.8500,18.6300,18.8500,11.4885,29838,0.0000,1.0000
2009-07-30,18.5500,18.7300,18.5300,18.6000,11.3361,16647,0.0000,1.0000
2009-07-29,18.5000,18.8300,18.4840,18.6970,11.3952,18540,0.0000,1.0000
2009-07-28,18.7700,18.9000,18.5000,18.5600,11.3117,24880,0.0000,1.0000
2009-07-27,18.8799,18.9000,18.6200,18.9000,11.5190,12350,0.0000,1.0000
2009-07-24,18.6100,18.9000,18.5800,18.8900,11.5129,12800,0.0000,1.0000
2009-07-23,18.7500,18.7700,18.4600,18.6020,11.3373,15350,0.0000,1.0000
2009-07-22,18.7300,18.7500,18.6800,18.6800,11.3849,8445,0.1033,1.0000
2009-07-21,18.8999,18.8999,18.8999,18.8999,11.4555,27200,0.0000,1.0000
2009-07-20,18.7100,18.9900,18.5626,18.8999,11.4555,23640,0.0000,1.0000
2009-07-17,18.7500,19.0000,18.7400,18.8320,11.4144,6930,0.0000,1.0000
2009-07-16,18.8900,19.1100,18.2820,19.0000,11.5162,52245,0.0000,1.0000
2009-07-15,19.0000,19.1899,18.8700,19.0000,11.5162,11565,0.0000,1.0000
2009-07-14,18.5100,19.0000,18.5100,19.0000,11.5162,15115,0.0000,1.0000
2009-07-13,18.9000,18.9000,18.4911,18.5000,11.2131,12307,0.0000,1.0000
2009-07-10,18.2500,18.8708,18.2500,18.7850,11.3859,16545,0.0000,1.0000
2009-07-09,19.2700,19.2700,18.1199,18.5000,11.2131,20650,0.0000,1.0000
2009-07-08,18.1081,18.2985,18.0100,18.0218,10.9233,47762,0.0000,1.0000
2009-07-07,18.6500,19.5461,18.0000,18.1600,11.0071,50100,0.0000,1.0000
2009-07-06,18.5000,18.6315,18.2447,18.6000,11.2737,19050,0.0000,1.0000
2009-07-02,18.8719,18.8719,18.6000,18.6999,11.3343,7755,0.0000,1.0000
2009-07-01,18.7000,18.9000,18.5200,18.8627,11.4330,17373,0.0000,1.0000
2009-06-30,18.4500,18.7300,18.3801,18.6000,11.2737,27589,0.0000,1.0000
2009-06-29,17.3400,18.8800,17.3400,18.4300,11.1707,66200,0.0000,1.0000
2009-06-26,18.8200,19.0600,18.7600,18.7800,11.3828,29535,0.0000,1.0000
2009-06-25,19.8801,19.8801,18.7300,18.8200,11.4071,53200,0.0000,1.0000
2009-06-24,20.0100,20.0299,20.0000,20.0000,12.1223,53150,0.0000,1.0000
2009-06-23,20.0500,20.0643,20.0000,20.0000,12.1223,160183,0.0000,1.0000
2009-06-22,20.0800,20.0800,20.0000,20.0200,12.1344,83350,0.0000,1.0000
2009-06-19,20.0665,20.4400,20.0153,20.2500,12.2738,41662,0.0000,1.0000
2009-06-18,20.0600,20.0700,20.0300,20.0400,12.1466,38089,0.0000,1.0000
2009-06-17,20.0600,20.2420,20.0100,20.0400,12.1466,46950,0.0000,1.0000
2009-06-16,20.0900,20.2500,20.0500,20.0500,12.1526,35462,0.0000,1.0000
2009-06-15,20.0900,20.1000,20.0300,20.1000,12.1829,35044,0.0000,1.0000
2009-06-12,20.0400,20.0900,20.0300,20.0460,12.1502,8444,0.0000,1.0000
2009-06-11,20.0300,20.0900,20.0100,20.0400,12.1466,16900,0.0000,1.0000
2009-06-10,20.0608,20.1900,20.0268,20.0400,12.1466,19850,0.0000,1.0000
2009-06-09,20.0900,20.0900,20.0158,20.0900,12.1769,22257,0.0000,1.0000
2009-06-08,20.1000,20.1300,20.0500,20.0500,12.1526,9450,0.0000,1.0000
2009-06-05,20.1000,20.1000,20.0400,20.0999,12.1829,19200,0.0000,1.0000
2009-06-04,20.0500,20.2300,20.0022,20.0500,12.1526,26707,0.0000,1.0000
2009-06-03,20.0400,20.1500,20.0000,20.1500,12.2132,22591,0.0000,1.0000
2009-06-02,20.0200,20.1695,20.0000,20.0100,12.1284,30400,0.0000,1.0000
2009-06-01,20.0900,20.0900,20.0000,20.0000,12.1223,92267,0.0000,1.0000
2009-05-29,20.0400,20.1908,20.0000,20.1400,12.2072,66847,0.0000,1.0000
2009-05-28,20.2500,20.2500,20.0000,20.0300,12.1405,91456,0.0000,1.0000
2009-05-27,20.0000,20.2500,20.0000,20.0000,12.1223,526200,0.0000,1.0000
